ncols         103
nrows         117
xllcorner     592989
yllcorner     125705.5
cellsize      25
NODATA_value  -9999
-9999 -9999 -9999 -9999 -9999 -9999 -9999 -9999 -9999 -9999 -9999 -9999 -9999 -9999 -9999 -9999 -9999 -9999 -9999 -9999 -9999 -9999 -9999 -9999 -9999 2628.33 2592.64 2568.38 -9999 -9999 -9999 -9999 -9999 -9999 -9999 -9999 -9999 -9999 -9999 -9999 -9999 -9999 -9999 -9999 -9999 -9999 -9999 -9999 -9999 -9999 -9999 -9999 -9999 -9999 -9999 -9999 -9999 -9999 -9999 -9999 -9999 -9999 -9999 -9999 -9999 -9999 -9999 -9999 -9999 -9999 -9999 -9999 -9999 -9999 -9999 -9999 -9999 -9999 -9999 -9999 -9999 -9999 -9999 -9999 -9999 -9999 -9999 -9999 -9999 -9999 -9999 -9999 -9999 -9999 -9999 -9999 -9999 -9999 -9999 -9999 -9999 -9999 -9999 
-9999 -9999 -9999 -9999 -9999 -9999 -9999 -9999 -9999 -9999 -9999 -9999 -9999 -9999 -9999 -9999 -9999 -9999 -9999 -9999 -9999 -9999 -9999 -9999 -9999 2615.7 2594.58 2581.46 2553.98 2486.61 -9999 -9999 -9999 -9999 -9999 -9999 -9999 -9999 -9999 -9999 -9999 -9999 -9999 -9999 -9999 -9999 -9999 -9999 -9999 -9999 -9999 -9999 -9999 -9999 -9999 -9999 -9999 -9999 -9999 -9999 -9999 -9999 -9999 -9999 -9999 -9999 -9999 -9999 -9999 -9999 -9999 -9999 -9999 -9999 -9999 -9999 -9999 -9999 -9999 -9999 -9999 -9999 -9999 -9999 -9999 -9999 -9999 -9999 -9999 -9999 -9999 -9999 -9999 -9999 -9999 -9999 -9999 -9999 -9999 -9999 -9999 -9999 -9999 
-9999 -9999 -9999 -9999 -9999 -9999 -9999 -9999 -9999 -9999 -9999 -9999 -9999 -9999 -9999 -9999 -9999 -9999 -9999 -9999 -9999 -9999 -9999 -9999 2613.88 2596.59 2578.71 2563.08 2546.55 2517.68 2466.63 -9999 -9999 -9999 -9999 -9999 -9999 -9999 -9999 -9999 -9999 -9999 -9999 -9999 -9999 -9999 -9999 -9999 -9999 -9999 -9999 -9999 -9999 -9999 -9999 -9999 -9999 -9999 -9999 -9999 -9999 -9999 -9999 -9999 -9999 -9999 -9999 -9999 -9999 -9999 -9999 -9999 -9999 -9999 -9999 -9999 -9999 -9999 -9999 -9999 -9999 -9999 -9999 -9999 -9999 -9999 -9999 -9999 -9999 -9999 -9999 -9999 -9999 -9999 -9999 -9999 -9999 -9999 -9999 -9999 -9999 -9999 -9999 
-9999 -9999 -9999 -9999 -9999 -9999 -9999 -9999 -9999 -9999 -9999 -9999 -9999 -9999 -9999 -9999 -9999 -9999 -9999 -9999 -9999 -9999 -9999 2616.55 2594.65 2575.49 2560.7 2541.55 2517.86 2505.89 2482.56 2463.11 -9999 -9999 -9999 -9999 -9999 -9999 -9999 -9999 -9999 -9999 -9999 -9999 -9999 -9999 -9999 -9999 -9999 -9999 -9999 -9999 -9999 -9999 -9999 -9999 -9999 -9999 -9999 -9999 -9999 -9999 -9999 -9999 -9999 -9999 -9999 -9999 -9999 -9999 -9999 -9999 -9999 -9999 -9999 -9999 -9999 -9999 -9999 -9999 -9999 -9999 -9999 -9999 -9999 -9999 -9999 -9999 -9999 -9999 -9999 -9999 -9999 -9999 -9999 -9999 -9999 -9999 -9999 -9999 -9999 -9999 -9999 
-9999 -9999 -9999 -9999 -9999 -9999 -9999 -9999 -9999 -9999 -9999 -9999 -9999 -9999 -9999 -9999 -9999 -9999 -9999 -9999 -9999 -9999 2623.16 2597.13 2578.01 2561.58 2539.57 2518.8 2499.57 2484.73 2467.39 2447.27 2422.99 -9999 -9999 -9999 -9999 -9999 -9999 -9999 -9999 -9999 -9999 -9999 -9999 -9999 -9999 -9999 -9999 -9999 -9999 -9999 -9999 -9999 -9999 -9999 -9999 -9999 -9999 -9999 -9999 -9999 -9999 -9999 -9999 -9999 -9999 -9999 -9999 -9999 -9999 -9999 -9999 -9999 -9999 -9999 -9999 -9999 -9999 -9999 -9999 -9999 -9999 -9999 -9999 -9999 -9999 -9999 -9999 -9999 -9999 -9999 -9999 -9999 -9999 -9999 -9999 -9999 -9999 -9999 -9999 -9999 -9999 
-9999 -9999 -9999 -9999 -9999 -9999 -9999 -9999 -9999 -9999 -9999 -9999 -9999 -9999 -9999 -9999 -9999 -9999 -9999 -9999 -9999 -9999 2613.35 2592.3 2567.5 2549.28 2529.54 2510.17 2490.6 2473.22 2454.31 2436.39 2417.28 2400.97 -9999 -9999 -9999 -9999 -9999 -9999 -9999 -9999 -9999 -9999 -9999 -9999 -9999 -9999 -9999 -9999 -9999 -9999 -9999 -9999 -9999 -9999 -9999 -9999 -9999 -9999 -9999 -9999 -9999 -9999 -9999 -9999 -9999 -9999 -9999 -9999 -9999 -9999 -9999 -9999 -9999 -9999 -9999 -9999 -9999 -9999 -9999 -9999 -9999 -9999 -9999 -9999 -9999 -9999 -9999 -9999 -9999 -9999 -9999 -9999 -9999 -9999 -9999 -9999 -9999 -9999 -9999 -9999 -9999 
-9999 -9999 -9999 -9999 -9999 -9999 -9999 -9999 -9999 -9999 -9999 -9999 -9999 -9999 -9999 -9999 -9999 -9999 -9999 -9999 -9999 2649.36 2625.65 2607.25 2587.54 2573.71 2540.28 2515.18 2496.7 2480.28 2461 2444.12 2423.42 2404.97 2387.23 -9999 -9999 -9999 -9999 -9999 -9999 -9999 -9999 -9999 -9999 -9999 -9999 -9999 -9999 -9999 -9999 -9999 -9999 -9999 -9999 -9999 -9999 -9999 -9999 -9999 -9999 -9999 -9999 -9999 -9999 -9999 -9999 -9999 -9999 -9999 -9999 -9999 -9999 -9999 -9999 -9999 -9999 -9999 -9999 -9999 -9999 -9999 -9999 -9999 -9999 -9999 -9999 -9999 -9999 -9999 -9999 -9999 -9999 -9999 -9999 -9999 -9999 -9999 -9999 -9999 -9999 -9999 -9999 
-9999 -9999 -9999 -9999 -9999 -9999 -9999 -9999 -9999 -9999 -9999 -9999 -9999 -9999 -9999 -9999 -9999 -9999 -9999 -9999 -9999 2650.35 2641.7 2619.83 2614.76 2592.56 2554.21 2529.22 2511.39 2496.98 2480.72 2461.91 2445.67 2419.46 2397.9 2378.55 -9999 -9999 -9999 -9999 -9999 -9999 -9999 -9999 -9999 -9999 -9999 -9999 -9999 -9999 -9999 -9999 -9999 -9999 -9999 -9999 -9999 -9999 -9999 -9999 -9999 -9999 -9999 -9999 -9999 -9999 -9999 -9999 -9999 -9999 -9999 -9999 -9999 -9999 -9999 -9999 -9999 -9999 -9999 -9999 -9999 -9999 -9999 -9999 -9999 -9999 -9999 -9999 -9999 -9999 -9999 -9999 -9999 -9999 -9999 -9999 -9999 -9999 -9999 -9999 -9999 -9999 -9999 
-9999 -9999 -9999 -9999 -9999 -9999 -9999 -9999 -9999 -9999 -9999 -9999 -9999 -9999 -9999 -9999 -9999 -9999 -9999 -9999 2678 2676.46 2659.18 2644.02 2623.91 2604.92 2563.07 2545.41 2531.65 2522.88 2496.47 2472.61 2447.89 2427.18 2401.19 2384.37 2365.1 2353.16 2347.35 -9999 -9999 -9999 -9999 -9999 -9999 -9999 -9999 -9999 -9999 -9999 -9999 -9999 -9999 -9999 -9999 -9999 -9999 -9999 -9999 -9999 -9999 -9999 -9999 -9999 -9999 -9999 -9999 -9999 -9999 -9999 -9999 -9999 -9999 -9999 -9999 -9999 -9999 -9999 -9999 -9999 -9999 -9999 -9999 -9999 -9999 -9999 -9999 -9999 -9999 -9999 -9999 -9999 -9999 -9999 -9999 -9999 -9999 -9999 -9999 -9999 -9999 -9999 -9999 
-9999 -9999 -9999 -9999 -9999 -9999 -9999 -9999 -9999 -9999 -9999 -9999 -9999 -9999 -9999 -9999 -9999 -9999 -9999 -9999 2685.82 2697.15 2674.43 2663.65 2644 2616.93 2590.13 2579.75 2561.77 2548.41 2527.72 2486.09 2463.5 2466.38 2442.96 2413.26 2386.15 2374.61 2358.27 2340.89 2332.51 2312.07 -9999 -9999 -9999 -9999 -9999 -9999 -9999 -9999 -9999 -9999 -9999 -9999 -9999 -9999 -9999 -9999 -9999 -9999 -9999 -9999 -9999 -9999 -9999 -9999 -9999 -9999 -9999 -9999 -9999 -9999 -9999 -9999 -9999 -9999 -9999 -9999 -9999 -9999 -9999 -9999 -9999 -9999 -9999 -9999 -9999 -9999 -9999 -9999 -9999 -9999 -9999 -9999 -9999 -9999 -9999 -9999 -9999 -9999 -9999 -9999 -9999 
-9999 -9999 -9999 -9999 -9999 -9999 -9999 -9999 -9999 -9999 -9999 -9999 -9999 -9999 -9999 -9999 -9999 -9999 -9999 -9999 2691.42 2687.48 2673.12 2656.13 2646.76 2634.39 2619.31 2608.23 2595.77 2583.49 2529.47 2491.45 2507.06 2487.68 2465.06 2437.76 2411.59 2391.1 2371 2352.08 2330.33 2307.14 2279 2256.65 2235.67 -9999 -9999 -9999 -9999 -9999 -9999 -9999 -9999 -9999 -9999 -9999 -9999 -9999 -9999 -9999 -9999 -9999 -9999 -9999 -9999 -9999 -9999 -9999 -9999 -9999 -9999 -9999 -9999 -9999 -9999 -9999 -9999 -9999 -9999 -9999 -9999 -9999 -9999 -9999 -9999 -9999 -9999 -9999 -9999 -9999 -9999 -9999 -9999 -9999 -9999 -9999 -9999 -9999 -9999 -9999 -9999 -9999 -9999 
-9999 -9999 -9999 -9999 -9999 -9999 -9999 -9999 -9999 -9999 -9999 -9999 -9999 -9999 -9999 -9999 -9999 -9999 -9999 2691.41 2679.78 2670.35 2658.14 2644.44 2630.89 2619.74 2605.89 2594.78 2581.73 2569.44 2526.44 2531.48 2509.16 2487.29 2458.66 2437.43 2409.78 2392.92 2370.98 2348.36 2322.16 2301.91 2281.24 2256.04 2234.19 2212.22 2192.82 -9999 -9999 -9999 -9999 -9999 -9999 -9999 -9999 -9999 -9999 -9999 -9999 -9999 -9999 -9999 -9999 -9999 -9999 -9999 -9999 -9999 -9999 -9999 -9999 -9999 -9999 -9999 -9999 -9999 -9999 -9999 -9999 -9999 -9999 -9999 -9999 -9999 -9999 -9999 -9999 -9999 -9999 -9999 -9999 -9999 -9999 -9999 -9999 -9999 -9999 -9999 -9999 -9999 -9999 -9999 -9999 
-9999 -9999 -9999 -9999 -9999 -9999 -9999 -9999 -9999 -9999 -9999 -9999 -9999 -9999 -9999 -9999 -9999 -9999 -9999 2679.03 2666.05 2654.32 2643.8 2632.27 2618.39 2607.33 2593.28 2581.69 2567.46 2553.68 2536.28 2520.97 2504.95 2485.52 2463.98 2445.2 2421.8 2398.92 2370.67 2359.49 2337.49 2315.35 2291.8 2264.36 2240.8 2216.5 2195.34 2178.99 -9999 -9999 -9999 -9999 -9999 -9999 -9999 -9999 -9999 -9999 -9999 -9999 -9999 -9999 -9999 -9999 -9999 -9999 -9999 -9999 -9999 -9999 -9999 -9999 -9999 -9999 -9999 -9999 -9999 -9999 -9999 -9999 -9999 -9999 -9999 -9999 -9999 -9999 -9999 -9999 -9999 -9999 -9999 -9999 -9999 -9999 -9999 -9999 -9999 -9999 -9999 -9999 -9999 -9999 -9999 
-9999 -9999 -9999 -9999 -9999 -9999 -9999 -9999 -9999 -9999 -9999 -9999 -9999 -9999 -9999 -9999 -9999 -9999 2683.26 2669.09 2654.37 2641.28 2629.68 2618.81 2605.98 2595.83 2583.42 2569.7 2555.59 2544.08 2529.48 2516.5 2500.86 2482.9 2459.93 2439 2417.74 2401.1 2374.71 2351.13 2330.69 2310 2291.01 2274.72 2254.73 2234.56 2207.7 2186.49 2167.37 -9999 -9999 -9999 -9999 -9999 -9999 -9999 -9999 -9999 -9999 -9999 -9999 -9999 -9999 -9999 -9999 -9999 -9999 -9999 -9999 -9999 -9999 -9999 -9999 -9999 -9999 -9999 -9999 -9999 -9999 -9999 -9999 -9999 -9999 -9999 -9999 -9999 -9999 -9999 -9999 -9999 -9999 -9999 -9999 -9999 -9999 -9999 -9999 -9999 -9999 -9999 -9999 -9999 -9999 
-9999 -9999 -9999 -9999 -9999 -9999 -9999 -9999 -9999 -9999 -9999 -9999 -9999 -9999 -9999 -9999 -9999 2686.02 2672.79 2659.18 2643.97 2629.75 2614.95 2604.44 2590.63 2583.48 2566.76 2552.3 2538.77 2537.47 2528.41 2515.41 2498.59 2484 2465.11 2443.91 2421.1 2399.14 2374.93 2358.28 2342.48 2321.3 2290.47 2268.54 2246.31 2226.57 2211.15 2191.49 2174.21 2155.7 2136.23 -9999 -9999 -9999 -9999 -9999 -9999 -9999 -9999 -9999 -9999 -9999 -9999 -9999 -9999 -9999 -9999 -9999 -9999 -9999 -9999 -9999 -9999 -9999 -9999 -9999 -9999 -9999 -9999 -9999 -9999 -9999 -9999 -9999 -9999 -9999 -9999 -9999 -9999 -9999 -9999 -9999 -9999 -9999 -9999 -9999 -9999 -9999 -9999 -9999 -9999 -9999 -9999 
-9999 -9999 -9999 -9999 -9999 -9999 -9999 -9999 -9999 -9999 -9999 -9999 -9999 -9999 -9999 -9999 2679.46 2679.05 2664.17 2648.6 2634.89 2620.14 2604.99 2589.69 2577.51 2565.98 2556.06 2540.83 2524.18 2517.94 2518.73 2505.9 2490.6 2472.86 2448.92 2433.08 2414.16 2397.79 2380.68 2360.4 2336.74 2313.15 2291.84 2269.92 2250.08 2229.86 2210.07 2193.44 2170.22 2154.38 2137.37 2121.88 2100.43 -9999 -9999 -9999 -9999 -9999 -9999 -9999 -9999 -9999 -9999 -9999 -9999 -9999 -9999 -9999 -9999 -9999 -9999 -9999 -9999 -9999 -9999 -9999 -9999 -9999 -9999 -9999 -9999 -9999 -9999 -9999 -9999 -9999 -9999 -9999 -9999 -9999 -9999 -9999 -9999 -9999 -9999 -9999 -9999 -9999 -9999 -9999 -9999 -9999 -9999 
-9999 -9999 -9999 -9999 -9999 -9999 -9999 -9999 -9999 -9999 -9999 -9999 -9999 -9999 -9999 2682.09 2681.93 2666.22 2652.47 2639.62 2623.21 2606.73 2594.4 2579.08 2562.21 2548.68 2534.89 2523.51 2507.86 2501.57 2496.12 2498.72 2477.61 2454.84 2431.9 2412.21 2396.24 2382.79 2361.63 2332.83 2314.73 2296.64 2274.45 2256.31 2236.16 2219.27 2201.37 2188.41 2173.66 2152.24 2132.56 2115.96 2096 2080.27 2063.27 -9999 -9999 -9999 -9999 -9999 -9999 -9999 -9999 -9999 -9999 -9999 -9999 -9999 -9999 -9999 -9999 -9999 -9999 -9999 -9999 -9999 -9999 -9999 -9999 -9999 -9999 -9999 -9999 -9999 -9999 -9999 -9999 -9999 -9999 -9999 -9999 -9999 -9999 -9999 -9999 -9999 -9999 -9999 -9999 -9999 -9999 -9999 -9999 
-9999 -9999 -9999 -9999 -9999 -9999 -9999 -9999 -9999 -9999 -9999 -9999 -9999 -9999 2688 2677.88 2667.57 2655.69 2638.97 2628.25 2614.93 2600.44 2581.23 2567.97 2552.25 2538.74 2521.88 2505.24 2490.25 2486.45 2484.05 2472.83 2457.35 2435.85 2414.46 2398.44 2380.62 2359.7 2336.88 2316.49 2296.61 2277.26 2260.5 2244.15 2227.93 2209.77 2193.24 2178.95 2161.66 2144.63 2127.03 2109.63 2092.54 2078.47 2062.9 2049.74 2036.53 2024.32 -9999 -9999 -9999 -9999 -9999 -9999 -9999 -9999 -9999 -9999 -9999 -9999 -9999 -9999 -9999 -9999 -9999 -9999 -9999 -9999 -9999 -9999 -9999 -9999 -9999 -9999 -9999 -9999 -9999 -9999 -9999 -9999 -9999 -9999 -9999 -9999 -9999 -9999 -9999 -9999 -9999 -9999 -9999 -9999 -9999 
-9999 -9999 -9999 -9999 -9999 -9999 -9999 -9999 -9999 -9999 -9999 -9999 -9999 2665.41 2678.69 2664.57 2651.49 2641.66 2627.34 2614.97 2604.36 2591.13 2570.53 2555.3 2541.01 2524.76 2501.65 2480.21 2471.78 2469.04 2470.99 2459.54 2442 2421.03 2401.71 2384.71 2367.89 2349.36 2326.75 2306.82 2285.07 2267.7 2248.61 2232.27 2219.04 2204.48 2186.06 2171.23 2154.47 2138.72 2121.81 2107.51 2091.84 2078.48 2063.74 2050.64 2036.95 2025.8 2014.74 -9999 -9999 -9999 -9999 -9999 -9999 -9999 -9999 -9999 -9999 -9999 -9999 -9999 -9999 -9999 -9999 -9999 -9999 -9999 -9999 -9999 -9999 -9999 -9999 -9999 -9999 -9999 -9999 -9999 -9999 -9999 -9999 -9999 -9999 -9999 -9999 -9999 -9999 -9999 -9999 -9999 -9999 -9999 -9999 
-9999 -9999 -9999 -9999 -9999 -9999 -9999 -9999 -9999 -9999 -9999 -9999 -9999 2668.95 2675.07 2656.57 2640.89 2628.58 2616.32 2603.83 2591.84 2582.42 2566.41 2546.75 2529.03 2510.68 2492.02 2471.01 2456.84 2452.38 2453.55 2447.58 2427.46 2407.99 2390.34 2373.82 2358.17 2337.1 2315.64 2295.96 2276.05 2258.42 2242.23 2226.88 2209.91 2194.49 2180.6 2165.72 2149.99 2135.57 2118.87 2103.22 2088.95 2072.23 2060.02 2048.14 2035.66 2026.31 2015.01 2005.03 -9999 -9999 -9999 -9999 -9999 -9999 -9999 -9999 -9999 -9999 -9999 -9999 -9999 -9999 -9999 -9999 -9999 -9999 -9999 -9999 -9999 -9999 -9999 -9999 -9999 -9999 -9999 -9999 -9999 -9999 -9999 -9999 -9999 -9999 -9999 -9999 -9999 -9999 -9999 -9999 -9999 -9999 -9999 
-9999 -9999 -9999 -9999 -9999 -9999 -9999 -9999 -9999 -9999 -9999 -9999 -9999 2637.67 2658.17 2639.09 2623.97 2612.53 2602.54 2592.28 2580.94 2567.2 2554.48 2540.11 2522.48 2503.08 2481.08 2459.74 2442.68 2435.52 2433.95 2431.66 2416.39 2398.56 2380.09 2364.41 2348.01 2329.4 2303.46 2287.07 2271.05 2255.53 2239.39 2223.71 2208.91 2196.63 2181.85 2168.12 2156.04 2159.74 2139.41 2124.19 2100.92 2075.48 2058.89 2048.38 2036.14 2025.41 2014.31 2004.42 1993.18 -9999 -9999 -9999 -9999 -9999 -9999 -9999 -9999 -9999 -9999 -9999 -9999 -9999 -9999 -9999 -9999 -9999 -9999 -9999 -9999 -9999 -9999 -9999 -9999 -9999 -9999 -9999 -9999 -9999 -9999 -9999 -9999 -9999 -9999 -9999 -9999 -9999 -9999 -9999 -9999 -9999 -9999 
-9999 -9999 -9999 -9999 -9999 -9999 -9999 -9999 -9999 -9999 -9999 -9999 2609.6 2610.85 2625.38 2626.38 2611.52 2599.92 2588.68 2579.9 2570.4 2555.7 2539.53 2529.36 2514.47 2493.36 2469.03 2448.4 2428.43 2422.31 2415.81 2414.52 2406.27 2391.49 2374.22 2358.52 2341.01 2323.78 2308.65 2293.75 2277.82 2263.7 2248.27 2234.41 2222.93 2217.54 2207.39 2189.82 2169.55 2150.29 2134.38 2114.3 2095.77 2078.95 2062.3 2049.19 2035.32 2023.29 2011.03 2001.12 1990.73 1981.1 -9999 -9999 -9999 -9999 -9999 -9999 -9999 -9999 -9999 -9999 -9999 -9999 -9999 -9999 -9999 -9999 -9999 -9999 -9999 -9999 -9999 -9999 -9999 -9999 -9999 -9999 -9999 -9999 -9999 -9999 -9999 -9999 -9999 -9999 -9999 -9999 -9999 -9999 -9999 -9999 -9999 
-9999 -9999 -9999 -9999 -9999 -9999 -9999 -9999 -9999 -9999 -9999 -9999 -9999 2585 2602.41 2617.6 2599.38 2587.1 2575.45 2566.94 2555.34 2545.6 2532.94 2509.45 2494.66 2479.78 2453.12 2432.97 2415.2 2408.88 2399.51 2395.72 2391.9 2379.32 2368.35 2359.62 2354.08 2337.47 2320.78 2304.86 2289.54 2280.19 2265.14 2256.38 2245.65 2225.15 2203.06 2184.58 2163.67 2146.19 2127.15 2111.11 2099.02 2089.09 2072.73 2052.2 2037.28 2023.86 2010.52 1998.53 1987.46 1978.73 1968.34 1959.68 1950.32 1942.19 1933.12 1923.89 1910.56 1899.35 1883.22 -9999 -9999 -9999 -9999 -9999 -9999 -9999 -9999 -9999 -9999 -9999 -9999 -9999 -9999 -9999 -9999 -9999 -9999 -9999 -9999 -9999 -9999 -9999 -9999 -9999 -9999 -9999 -9999 -9999 -9999 -9999 -9999 
-9999 -9999 -9999 -9999 -9999 -9999 -9999 -9999 -9999 -9999 -9999 -9999 -9999 2583.2 2616.07 2607.79 2590.2 2574.91 2562.88 2552.41 2539.52 2529.97 2517.3 2506.14 2466.67 2461.85 2439.21 2421.38 2402.78 2395.9 2387.9 2379.96 2378.63 2368.54 2357.9 2351.37 2350.7 2347.12 2334.55 2319.22 2307 2298.34 2284.08 2265.87 2242.51 2221.26 2199.48 2183.22 2160.59 2144.07 2128.31 2118.29 2106.75 2094.64 2075.84 2058.03 2042.94 2025.65 2009.94 1995.05 1983.99 1975.09 1965.61 1957.77 1949.3 1941.92 1934.57 1927.55 1912.85 1897.79 1882.66 -9999 -9999 -9999 -9999 -9999 -9999 -9999 -9999 -9999 -9999 -9999 -9999 -9999 -9999 -9999 -9999 -9999 -9999 -9999 -9999 -9999 -9999 -9999 -9999 -9999 -9999 -9999 -9999 -9999 -9999 -9999 -9999 
-9999 -9999 -9999 -9999 -9999 -9999 -9999 -9999 -9999 -9999 -9999 -9999 -9999 2611.94 2636.81 2613.04 2588.01 2563.95 2548.83 2536.07 2524.87 2515.33 2501.16 2487.57 2468.38 2439.42 2424.69 2408.34 2391.09 2382.05 2374.88 2366.37 2358.56 2356.15 2345.12 2339.06 2339.48 2336.98 2328.61 2317.17 2301.95 2286.73 2269.69 2251.01 2232.77 2216.17 2198.73 2181.71 2162.24 2143.78 2127.46 2112.44 2100.59 2089.72 2075.69 2062.53 2048.8 2030.77 2013.23 1999.84 1988.11 1978.6 1968.35 1959.65 1950.25 1941.88 1933.63 1924.99 1909.94 1896 1883.69 1869.15 -9999 -9999 -9999 -9999 -9999 -9999 -9999 -9999 -9999 -9999 -9999 -9999 -9999 -9999 -9999 -9999 -9999 -9999 -9999 -9999 -9999 -9999 -9999 -9999 -9999 -9999 -9999 -9999 -9999 -9999 -9999 
-9999 -9999 -9999 -9999 -9999 -9999 -9999 -9999 -9999 -9999 -9999 -9999 -9999 2623.89 2632.44 2613.26 2582.35 2555.34 2538.54 2525.41 2512.69 2503.78 2490.46 2475.8 2459.1 2438.35 2412.96 2398.87 2383.28 2371.38 2362.48 2355.61 2344.68 2337.62 2332.73 2323.73 2320.25 2317.69 2309.92 2299.97 2288.32 2274.91 2257.65 2241.74 2224.58 2210.17 2194.16 2177.33 2157.45 2136.47 2123.67 2112.77 2098.53 2086.42 2071.32 2058.37 2044.58 2031.93 2016.56 2004.18 1991.87 1981.31 1972.64 1962.11 1952.6 1943.74 1933.3 1922.98 1910.21 1895.71 1882.04 1869.6 1851.69 -9999 -9999 -9999 -9999 -9999 -9999 -9999 -9999 -9999 -9999 -9999 -9999 -9999 -9999 -9999 -9999 -9999 -9999 -9999 -9999 -9999 -9999 -9999 -9999 -9999 -9999 -9999 -9999 -9999 -9999 
-9999 -9999 -9999 -9999 -9999 -9999 -9999 -9999 -9999 -9999 -9999 -9999 -9999 2635.76 2624.39 2603.95 2581.06 2558.93 2529.38 2514.83 2500.64 2488.52 2477.54 2466.59 2447.67 2432.7 2410.03 2389.05 2374.68 2360.9 2350 2342.43 2332.93 2324.5 2314.63 2307.11 2302.81 2298.89 2291.11 2282.81 2270.05 2260.68 2244.87 2230.47 2214.53 2200.54 2183.07 2166.32 2148.52 2134.2 2120.21 2109.1 2096.7 2085.89 2072.32 2060.22 2045.59 2032.43 2019.32 2006.89 1994.43 1983.1 1972.72 1963.88 1952.34 1945.39 1936.17 1927.47 1914.07 1897.24 1882.7 1869.69 1850.83 1835.03 -9999 -9999 -9999 -9999 -9999 -9999 -9999 -9999 -9999 -9999 -9999 -9999 -9999 -9999 -9999 -9999 -9999 -9999 -9999 -9999 -9999 -9999 -9999 -9999 -9999 -9999 -9999 -9999 -9999 
-9999 -9999 -9999 -9999 -9999 -9999 -9999 -9999 -9999 -9999 -9999 -9999 -9999 2636.23 2613.37 2592.78 2571.06 2550.22 2523.17 2508.7 2493.48 2477.7 2461.75 2448.52 2443.53 2427.99 2403.56 2381.89 2365.63 2353.75 2341.3 2331.17 2321.43 2314.08 2304.68 2294.82 2288.11 2283.74 2274.77 2268.2 2258.18 2249.27 2237.28 2223.42 2209.74 2193.2 2176.57 2162.35 2147.15 2132.83 2119.45 2108.96 2098.4 2087.44 2073.16 2058.39 2044.09 2032.43 2019.4 2006.34 1994.54 1983.65 1972.86 1964.34 1955.91 1947.78 1937.79 1927.41 1910.86 1896.15 1882.08 1869.95 1852.19 1831.78 -9999 -9999 -9999 -9999 -9999 -9999 -9999 -9999 -9999 -9999 -9999 -9999 -9999 -9999 -9999 -9999 -9999 -9999 -9999 -9999 -9999 -9999 -9999 -9999 -9999 -9999 -9999 -9999 -9999 
-9999 -9999 -9999 -9999 -9999 -9999 -9999 -9999 -9999 -9999 -9999 -9999 -9999 2629.68 2607.24 2584.33 2555.78 2537.25 2520 2504.66 2484.69 2462.17 2445.29 2432.27 2425.25 2418.72 2401.98 2382.33 2358.91 2344.5 2333.19 2322.73 2311.29 2302.26 2293.36 2285.79 2275.37 2270.37 2260.47 2252.66 2243.79 2235.05 2224.94 2215.61 2206.45 2192.47 2173.57 2158.52 2145.76 2133.28 2118.62 2105.05 2094.34 2085.3 2069.95 2056.19 2042.99 2032.02 2018.98 2006.1 1994.76 1983.53 1973.99 1966.62 1956.15 1946.15 1936.47 1926.44 1910.67 1896.23 1882.19 1866.85 1853.48 1838.22 1820.51 -9999 -9999 -9999 -9999 -9999 -9999 -9999 -9999 -9999 -9999 -9999 -9999 -9999 -9999 -9999 -9999 -9999 -9999 -9999 -9999 -9999 -9999 -9999 -9999 -9999 -9999 -9999 -9999 
-9999 -9999 -9999 -9999 -9999 -9999 -9999 -9999 -9999 -9999 -9999 -9999 2629.47 2614.82 2596.3 2573.66 2550.99 2532.46 2512.25 2491.12 2467.56 2449 2435.47 2421.55 2405.77 2396.8 2391.8 2369.85 2349.81 2336.33 2323.8 2314.21 2304.71 2294.44 2284.67 2276.54 2267.09 2257.8 2248 2240.4 2232.42 2223.59 2213.92 2205.04 2195.69 2191.22 2181.01 2167.81 2150.51 2134.67 2119.94 2105.4 2091.33 2078.72 2067 2053.48 2042.8 2032.22 2020.18 2007.78 1994.15 1981.36 1971.17 1968.24 1955.58 1946.71 1937.44 1922.93 1907.64 1894.32 1879.05 1860.14 1842.99 1830.14 1815.02 1800.4 -9999 -9999 -9999 -9999 -9999 -9999 -9999 -9999 -9999 -9999 -9999 -9999 -9999 -9999 -9999 -9999 -9999 -9999 -9999 -9999 -9999 -9999 -9999 -9999 -9999 -9999 -9999 
-9999 -9999 -9999 -9999 -9999 -9999 -9999 -9999 -9999 -9999 -9999 -9999 2619.82 2602.98 2586 2567.73 2545.3 2524.42 2500.19 2475.01 2454.91 2436.84 2419.58 2412.77 2397.13 2381.51 2371.37 2359.07 2338.39 2323.47 2312.21 2303.45 2296.19 2287.76 2277.21 2266.57 2255.43 2247.97 2238.55 2228.43 2220.29 2212.87 2204.59 2196.41 2185.09 2176.92 2171.52 2160.61 2147.09 2132.83 2117.48 2104.55 2090.43 2077.73 2062.28 2050.07 2038.27 2029.61 2017.87 2007.33 1994.81 1981.28 1968.99 1961.37 1954.43 1945.9 1935.39 1924.24 1910.28 1895.06 1877.93 1860.79 1841.15 1825.35 1812.17 1798.33 1781.81 -9999 -9999 -9999 -9999 -9999 -9999 -9999 -9999 -9999 -9999 -9999 -9999 -9999 -9999 -9999 -9999 -9999 -9999 -9999 -9999 -9999 -9999 -9999 -9999 -9999 -9999 
-9999 -9999 -9999 -9999 -9999 -9999 -9999 -9999 -9999 -9999 -9999 2628.24 2607.42 2585.65 2566.15 2545.97 2533.35 2519.25 2484.52 2464.77 2444.41 2428.34 2411.51 2397.25 2386.16 2374.28 2357.19 2349.61 2335.06 2316.42 2301.91 2292.48 2285.76 2279.92 2270.45 2259.75 2245.37 2235.7 2226.97 2221.92 2209.28 2205.85 2197.1 2191.28 2181.06 2167.96 2159.46 2152.75 2140.42 2128.3 2115.28 2102.84 2089.95 2078.22 2065.1 2050.16 2038 2025.37 2013.96 2001.97 1990.82 1979.3 1967.27 1958.73 1952.98 1943.7 1936.27 1929.26 1913.27 1896.77 1877.82 1860.93 1847.34 1834.6 1821.11 1804.86 1787.09 1771.57 -9999 -9999 -9999 -9999 -9999 -9999 -9999 -9999 -9999 -9999 -9999 -9999 -9999 -9999 -9999 -9999 -9999 -9999 -9999 -9999 -9999 -9999 -9999 -9999 -9999 
-9999 -9999 -9999 -9999 -9999 -9999 -9999 -9999 -9999 -9999 -9999 2612.12 2592.49 2574.36 2556.05 2537.57 2519.04 2496.73 2478.47 2454.7 2434.43 2416.96 2399.95 2383.81 2369.34 2359.93 2348.2 2332.62 2321.36 2304.39 2290.99 2281.91 2273.49 2267.7 2260.57 2249.6 2234.51 2225.02 2215.65 2206.26 2198.39 2194.37 2187.1 2181.77 2174.01 2160.58 2148.93 2140.39 2132.94 2122.83 2111.35 2104.13 2087.26 2077.34 2065.77 2052.11 2039.01 2025.61 2011.4 1998.76 1988.08 1977.74 1965.51 1956.6 1949.95 1942.32 1933.51 1923.65 1907.52 1895.01 1881.6 1867.64 1854.73 1840.58 1819.74 1800.61 1782.45 1767.52 1753.98 -9999 -9999 -9999 -9999 -9999 -9999 -9999 -9999 -9999 -9999 -9999 -9999 -9999 -9999 -9999 -9999 -9999 -9999 -9999 -9999 -9999 -9999 -9999 -9999 
-9999 -9999 -9999 -9999 -9999 -9999 -9999 -9999 -9999 -9999 2623.15 2601.33 2580.68 2562.12 2542.88 2526.16 2506.96 2489.55 2465.33 2447.86 2428.02 2408.64 2388.3 2370.91 2353 2339.07 2335.52 2322.28 2305.48 2294.27 2278.68 2270.07 2261.9 2254.46 2248.7 2241.85 2226.35 2215.6 2206.41 2198.23 2187.39 2178.96 2175.23 2173.53 2167.58 2153.11 2138.29 2129.34 2119.79 2115.2 2106.68 2096.7 2083.99 2073.64 2062.63 2049.4 2036.07 2023.02 2007.23 1994.72 1985.47 1974.2 1963.74 1954.06 1946.96 1938.79 1929.22 1919.05 1902.61 1886.12 1872.52 1859.8 1841.61 1829.01 1818.88 1807.31 1785.37 1767.1 1748.16 1733.41 -9999 -9999 -9999 -9999 -9999 -9999 -9999 -9999 -9999 -9999 -9999 -9999 -9999 -9999 -9999 -9999 -9999 -9999 -9999 -9999 -9999 -9999 -9999 
-9999 -9999 -9999 -9999 -9999 -9999 -9999 -9999 -9999 -9999 2607.17 2591.21 2569.46 2551.45 2532.7 2516.15 2495.3 2477.43 2457.33 2441.09 2419.44 2398.88 2376.18 2360.1 2341.07 2326.15 2316.64 2310.35 2294.21 2278.28 2266.29 2255.76 2248.61 2240.4 2235.85 2228.59 2220.37 2206.36 2195.85 2188.14 2179.76 2171.45 2161.94 2156.95 2152.75 2140.85 2127.86 2117.35 2108.89 2099.19 2094.66 2089.67 2079.25 2067.79 2056.26 2045.68 2031.48 2018.16 2001.68 1989.14 1979.82 1969.36 1958.15 1950.14 1943.61 1935.48 1926.35 1915.87 1897.25 1881.52 1863.04 1847.13 1831.85 1817.84 1802.65 1790.18 1779.48 1763.97 1747.34 1730.51 -9999 -9999 -9999 -9999 -9999 -9999 -9999 -9999 -9999 -9999 -9999 -9999 -9999 -9999 -9999 -9999 -9999 -9999 -9999 -9999 -9999 -9999 -9999 
-9999 -9999 -9999 -9999 -9999 -9999 -9999 -9999 -9999 -9999 2600.39 2579.11 2565.33 2546.64 2522.31 2504.69 2485.7 2469.29 2447.8 2430.13 2412.8 2399.02 2378.3 2355.56 2333.83 2318.79 2306.14 2292.64 2282.14 2268.81 2255.55 2244.82 2234.59 2228.57 2223.88 2217.63 2208.7 2200.87 2186.92 2179 2169.53 2161.6 2154.03 2144.83 2134.85 2125.97 2113.72 2105.86 2098.83 2088.77 2078.57 2073.48 2068.64 2064.37 2050.99 2040.24 2027.3 2012.54 1995.58 1981.67 1973.15 1964.57 1955.15 1947.38 1940.19 1933.32 1923.42 1910.96 1894.32 1880.24 1869.19 1851.25 1834.04 1816.24 1799.26 1782.5 1766.8 1755.48 1740.84 1726.56 1711.86 -9999 -9999 -9999 -9999 -9999 -9999 -9999 -9999 -9999 -9999 -9999 -9999 -9999 -9999 -9999 -9999 -9999 -9999 -9999 -9999 -9999 -9999 
-9999 -9999 -9999 -9999 -9999 -9999 -9999 -9999 -9999 2616.75 2600.09 2581.8 2554.49 2528.79 2506.88 2493.38 2472.28 2458.38 2441.01 2422.47 2401.41 2383.53 2366.85 2348.7 2326.44 2310.85 2296.53 2284.18 2272.02 2260.54 2247.4 2235.82 2224.6 2215.41 2210.42 2203.18 2196.3 2189.06 2176.9 2168.08 2159.03 2150.76 2143.97 2133.34 2123.57 2109.99 2098.94 2088.99 2084.18 2077.28 2067.43 2057.63 2050.17 2046.46 2044.44 2034.22 2021.65 2007.27 1989.86 1975.75 1966.14 1958.64 1952.56 1944.61 1938.6 1930.46 1919.67 1906.09 1889.51 1874.78 1856.52 1839.92 1827.54 1816.57 1802.22 1783.72 1765.39 1748.24 1734.26 1722.23 1708.61 1702.53 -9999 -9999 -9999 -9999 -9999 -9999 -9999 -9999 -9999 -9999 -9999 -9999 -9999 -9999 -9999 -9999 -9999 -9999 -9999 -9999 -9999 
-9999 -9999 -9999 -9999 -9999 -9999 -9999 -9999 -9999 2612.44 2595.27 2576.68 2555.26 2536.09 2505.79 2487.31 2463.31 2452.09 2434.47 2415.12 2399.29 2379.4 2357.9 2334.4 2315.06 2299.9 2286.73 2274.56 2262.37 2251.3 2239.64 2227.97 2216.23 2205.43 2197.81 2191.74 2184.02 2177.07 2169.16 2156.2 2148.38 2140.14 2133.1 2122.56 2109.55 2099.01 2087.08 2077.41 2068.6 2062.92 2055.63 2045.02 2036.31 2029.74 2027.99 2027.58 2015.67 2001.41 1986.17 1975.94 1964.26 1957.19 1949.85 1940.96 1930.33 1923.13 1913.57 1898.95 1885.86 1871.67 1854.07 1838.16 1820.43 1804.45 1790.46 1778.1 1764.35 1747.49 1728.95 1715.51 1703.44 1691.24 1681.82 -9999 -9999 -9999 -9999 -9999 -9999 -9999 -9999 -9999 -9999 -9999 -9999 -9999 -9999 -9999 -9999 -9999 -9999 -9999 -9999 
-9999 -9999 -9999 -9999 -9999 -9999 -9999 -9999 -9999 2600.8 2593.55 2573.29 2552.48 2536.32 2516.43 2497.99 2466.6 2445.33 2423.37 2409.11 2382.2 2372.69 2350.84 2330.63 2307.89 2290.65 2279.37 2266.25 2252.54 2241.48 2230.06 2219.44 2208.31 2197.61 2186.11 2178.16 2172.36 2163.54 2156.08 2146.98 2135.58 2128.75 2121.85 2113.55 2099.61 2089.13 2076.37 2064.31 2053.74 2046.73 2040.54 2031.8 2022.65 2016.05 2012.02 2004.6 1998.49 1993.89 1983.97 1973.48 1963.37 1949.21 1934.02 1925.27 1916.3 1908.57 1902.45 1891.67 1874.52 1863.17 1853.49 1842.39 1823.16 1803.88 1786.36 1771.29 1756.1 1742.26 1725.84 1709.24 1696.33 1685.37 1674.1 1664.69 -9999 -9999 -9999 -9999 -9999 -9999 -9999 -9999 -9999 -9999 -9999 -9999 -9999 -9999 -9999 -9999 -9999 -9999 -9999 
-9999 -9999 -9999 -9999 -9999 -9999 -9999 -9999 -9999 2585.95 2591.95 2565.59 2545.7 2529.53 2512.05 2496.45 2468.39 2449.12 2425.61 2402.92 2384.58 2362.93 2338.84 2325.8 2304.85 2288.49 2268.81 2257.18 2244.83 2233.06 2221.52 2210.98 2199.88 2190.03 2179.36 2168.48 2157.71 2151.27 2143.55 2136.74 2126.9 2118.62 2112.03 2104.56 2092.18 2077.91 2062.75 2050.14 2039.47 2032.57 2026.27 2020.07 2012.02 2004.79 2000.23 1991.5 1980.88 1970.23 1964.27 1955.5 1949.07 1939.4 1922.55 1910.54 1903.94 1894.6 1887.82 1882.85 1871.85 1856.12 1839.66 1831.48 1819.09 1807.89 1787.49 1770.6 1753.22 1737.52 1723.2 1710.32 1699.4 1685.93 1672.35 1659.49 1648.56 -9999 -9999 -9999 -9999 -9999 -9999 -9999 -9999 -9999 -9999 -9999 -9999 -9999 -9999 -9999 -9999 -9999 -9999 
-9999 -9999 -9999 -9999 -9999 -9999 -9999 -9999 -9999 2561.36 2591.21 2563.37 2542.26 2523.17 2505.18 2489.5 2469.68 2449.76 2429.13 2411.3 2385.29 2364.14 2343.21 2315.54 2293.63 2277.15 2259.15 2246.59 2234.58 2223.05 2212.05 2201.63 2190.32 2180.89 2170.74 2161.76 2149.61 2140.06 2130.73 2122.84 2117.37 2108.98 2103.06 2095.66 2081.94 2067.31 2054.95 2038.11 2020.45 2014.55 2011.59 2005.45 1999.11 1992.54 1986.04 1981.18 1967.16 1954.33 1944.61 1938.24 1928.09 1924.17 1911.3 1897.79 1887.36 1881.88 1870.19 1866.01 1864.47 1851.61 1833.03 1817.32 1809.55 1793.88 1780.9 1765.73 1747.7 1733.15 1716.85 1703.54 1690.86 1681.35 1668.34 1655.65 1644.01 -9999 -9999 -9999 -9999 -9999 -9999 -9999 -9999 -9999 -9999 -9999 -9999 -9999 -9999 -9999 -9999 -9999 -9999 
-9999 -9999 -9999 -9999 -9999 -9999 -9999 -9999 -9999 2550.95 2585.6 2570.48 2542.04 2524.19 2505.64 2489.25 2472.47 2456.76 2437.64 2409.01 2385.16 2366.22 2345.35 2321.79 2297.22 2271.17 2255.1 2241.84 2228.68 2216.36 2203.96 2193.14 2182.06 2172.17 2162.54 2153.92 2143.38 2131.66 2121.83 2113.21 2105.63 2101.91 2095.01 2088.23 2076.8 2063.89 2042.76 2028.26 2013.23 1997.05 1994.43 1991.25 1985.13 1981.15 1972.61 1964.83 1955.45 1941.41 1932.07 1923.15 1914.13 1903.45 1899.19 1886.35 1873.29 1865.81 1854.29 1846.75 1849.55 1842.78 1828.41 1813.38 1796.57 1787.59 1770.63 1758.53 1743.06 1727.39 1710.35 1697.78 1685.37 1675.85 1664.38 1653.46 -9999 -9999 -9999 -9999 -9999 -9999 -9999 -9999 -9999 -9999 -9999 -9999 -9999 -9999 -9999 -9999 -9999 -9999 -9999 
-9999 -9999 -9999 -9999 -9999 -9999 -9999 -9999 2544.51 2541.59 2553.03 2558.6 2535.04 2517.34 2501.35 2485.87 2470.46 2454.8 2436.85 2420.26 2397.64 2372.89 2343.93 2321.77 2289.37 2269.47 2252.79 2239.1 2223.81 2211.07 2198.32 2187.63 2174.52 2163.33 2152.97 2144.54 2135.68 2124.77 2113.64 2103.41 2096.12 2088.73 2086.16 2078.98 2069.32 2055.94 2038.53 2022.6 2003.83 1987.97 1973.13 1967.83 1972.53 1964.54 1959.81 1950.58 1941.81 1930.24 1916.47 1907.25 1898.76 1889.5 1880.72 1871.88 1859.46 1850.24 1839.49 1830.09 1829.58 1828.05 1820.82 1805.92 1791.16 1775.88 1761.49 1749.25 1736.03 1724.31 1711.63 1699.41 1686.29 1673.43 1657.86 1647.96 -9999 -9999 -9999 -9999 -9999 -9999 -9999 -9999 -9999 -9999 -9999 -9999 -9999 -9999 -9999 -9999 -9999 -9999 -9999 
-9999 -9999 -9999 -9999 -9999 -9999 -9999 -9999 2539.24 2527.76 2537.82 2548.19 2527.16 2508.84 2492.66 2478.15 2462.25 2448.3 2435.64 2420.74 2401.29 2383.98 2348.62 2322.41 2295.9 2272.4 2253.7 2234.61 2220.03 2206.45 2192.6 2181.15 2169.02 2157.9 2146.36 2136.58 2126.44 2117.56 2105.67 2097.1 2081.67 2077.51 2075.16 2069.35 2061.89 2045.9 2031.75 2014.61 1995.68 1980.7 1963.29 1948.18 1960.04 1950.65 1944.95 1939.36 1927.21 1916.48 1903.84 1893.04 1883.69 1877.98 1867.23 1857.9 1845.97 1836.43 1826.61 1817.87 1812.34 1810.33 1805.92 1799.73 1784.48 1770.41 1755.32 1742.72 1727.87 1715.82 1706.02 1696.41 1686.84 1676.89 1657.07 1644.7 1632.67 -9999 -9999 -9999 -9999 -9999 -9999 -9999 -9999 -9999 -9999 -9999 -9999 -9999 -9999 -9999 -9999 -9999 -9999 
-9999 -9999 -9999 -9999 -9999 -9999 -9999 2533.35 2526.69 2530.62 2549.08 2544.39 2520.49 2502.4 2483.58 2468.12 2443.15 2427.36 2416.21 2406.98 2394.25 2365.87 2344.08 2323.32 2298.8 2277.94 2254.85 2232.5 2215.66 2203.68 2190.08 2177.86 2164.17 2152.22 2140.5 2129.63 2117.18 2107.36 2097.52 2087.97 2077.43 2062.36 2061.69 2058.13 2054.48 2041.09 2021.61 2005.57 1989.94 1976.36 1959.81 1936.4 1934.83 1933.88 1924.68 1923.15 1916.26 1905.14 1893.57 1884.2 1873.4 1861.32 1852.35 1843.19 1832.66 1821.51 1813.39 1804.52 1795.42 1792.8 1787.63 1783 1776.16 1764.56 1750.7 1737.92 1722.01 1709.24 1696.11 1685.83 1675.91 1664.8 1654.13 1639.87 1628.33 -9999 -9999 -9999 -9999 -9999 -9999 -9999 -9999 -9999 -9999 -9999 -9999 -9999 -9999 -9999 -9999 -9999 -9999 
-9999 -9999 -9999 -9999 -9999 -9999 -9999 2527.51 2532.1 2542.82 2557.11 2536.46 2514.86 2497.62 2479.39 2464.77 2448.06 2432.78 2402.5 2376.69 2358.06 2339.25 2320.98 2303.1 2287.64 2271.15 2249.86 2235.38 2220.2 2205.95 2190.84 2177.59 2163.13 2150.44 2136.35 2124.05 2110.56 2097.79 2088.2 2076.69 2066.98 2057.82 2042.7 2048.29 2044.53 2035.54 2019.73 2002.25 1984.66 1969.34 1954.31 1937.19 1910.24 1907.6 1908.55 1904.73 1904.35 1896.36 1882.92 1874.47 1862.66 1852.99 1841.51 1830.22 1820.86 1810.39 1800.56 1793.1 1782.74 1776.71 1770.01 1764.74 1761.36 1754.77 1744.7 1731.81 1720.39 1707.72 1692.87 1681.65 1669.35 1658.07 1644.55 1634.72 1623.86 -9999 -9999 -9999 -9999 -9999 -9999 -9999 -9999 -9999 -9999 -9999 -9999 -9999 -9999 -9999 -9999 -9999 -9999 
-9999 -9999 -9999 -9999 -9999 -9999 2514.24 2509.44 2506.49 2520.38 2542.74 2529.11 2508.05 2492.01 2474.32 2458.5 2442.48 2426.61 2409.76 2393.53 2371.94 2351.43 2327.88 2305.23 2295.57 2279.36 2256.91 2236.43 2219.29 2206.83 2190.96 2175.76 2160.89 2147.65 2133.77 2121.24 2105.71 2092.11 2078.7 2067.37 2055.03 2046.08 2035.25 2027.28 2023.59 2018.26 2004.56 1992.01 1978.08 1964.84 1941.3 1922.7 1905.92 1890.63 1878.94 1880.62 1886.63 1885.94 1875.87 1861.65 1851.9 1843.11 1827.72 1820.62 1808.97 1799.96 1788.76 1779.38 1770.19 1763.3 1755.13 1749.38 1744.27 1738.38 1733.39 1727.27 1713.22 1703.52 1695.62 1687.48 1675.57 1658.62 1642.91 1630.22 1620.34 -9999 -9999 -9999 -9999 -9999 -9999 -9999 -9999 -9999 -9999 -9999 -9999 -9999 -9999 -9999 -9999 -9999 -9999 
-9999 -9999 -9999 -9999 -9999 -9999 2470.9 2491.77 2488.2 2508.51 2535.69 2522.91 2502.9 2486.4 2468.74 2452.64 2435.72 2420.84 2404.71 2387.54 2365.89 2344.7 2338.34 2322.39 2299.7 2276.44 2257.2 2238.91 2218.03 2199.32 2183.71 2174.75 2159.69 2145.84 2131.18 2118.1 2103.1 2088.97 2074.89 2060.52 2047.55 2040.58 2022.44 2007.15 2000.81 2002.16 1992.46 1982.51 1966.48 1951.63 1938.51 1924.46 1906.93 1886.75 1870.41 1859.78 1870.05 1869.84 1865.48 1855.12 1841.78 1832.98 1822.61 1811.77 1799.76 1789.45 1777.41 1769.17 1760.36 1752.29 1742.2 1735.37 1727.92 1722.55 1717.37 1713.74 1708.1 1696.14 1686.43 1682.59 1671.79 1662.05 1649.09 1633.68 1619.37 1606.66 -9999 -9999 -9999 -9999 -9999 -9999 -9999 -9999 -9999 -9999 -9999 -9999 -9999 -9999 -9999 -9999 -9999 
-9999 -9999 -9999 -9999 -9999 -9999 2440.9 2459.54 2482.12 2504.81 2531.84 2515.01 2495.71 2479.61 2462.23 2446.14 2429.93 2415.23 2398.6 2383.66 2366.42 2350.87 2332.09 2314.24 2292.93 2273.86 2257.08 2246.97 2234.63 2217.65 2191.48 2171.18 2152.62 2140.32 2128.61 2115.42 2101.31 2089.01 2074.79 2060.39 2046.55 2028.42 2017.37 2005.89 1982.66 1975.23 1973.4 1966.45 1957.66 1942.6 1927.55 1915.9 1903.65 1890.29 1871.19 1854.85 1839.92 1849.9 1846.57 1842.49 1831.23 1821.57 1812.34 1802.89 1789.82 1780.29 1768.84 1758.16 1747.25 1739.01 1730.24 1720.73 1712.55 1705.93 1700.35 1696.45 1693.91 1692.2 1680.36 1671.3 1663.22 1654.75 1644.75 1632.03 1618.29 1603.19 1589.88 -9999 -9999 -9999 -9999 -9999 -9999 -9999 -9999 -9999 -9999 -9999 -9999 -9999 -9999 -9999 -9999 
-9999 -9999 -9999 -9999 -9999 -9999 2445.53 2458.56 2487.99 2510.93 2525.11 2507.06 2488.26 2472.83 2456.03 2441.34 2425.27 2410.35 2394.37 2378.87 2361.96 2344.87 2324.65 2304.71 2285.52 2276.1 2262.28 2247.38 2232.83 2211.26 2190.68 2173.1 2154.94 2138.67 2124.07 2111.47 2098.11 2086.39 2073.25 2058.9 2044.3 2027.51 2008.3 1992.22 1973.83 1959.26 1953.6 1946.98 1941.43 1935.99 1920.59 1908.08 1895.76 1883.01 1871.7 1853.12 1835.58 1821.29 1826.26 1822.86 1819.14 1808.74 1801.01 1794 1782.54 1771.42 1760.98 1751.03 1739.08 1728.55 1719.27 1710.38 1699.86 1691.99 1685.84 1681.1 1679.23 1682.25 1682.01 1672.35 1657.28 1644.93 1637.27 1627.61 1615.17 1599.01 1584.05 1576.06 -9999 -9999 -9999 -9999 -9999 -9999 -9999 -9999 -9999 -9999 -9999 -9999 -9999 -9999 -9999 
-9999 -9999 -9999 -9999 -9999 -9999 2452.19 2468.43 2491.87 2509.35 2514.51 2498.51 2481.87 2466.18 2449.05 2434.47 2418.39 2404.52 2390.04 2374.5 2357.74 2341.48 2324.45 2307.39 2288.63 2271.24 2252.68 2235.8 2223.53 2212.5 2193.91 2171.86 2152.94 2138.06 2123.01 2112.41 2098.96 2084.74 2070.16 2058 2043.43 2027.91 2008.35 1991.37 1973.11 1957.68 1937.76 1926.27 1921.2 1918.66 1915.51 1902.35 1888.72 1877.88 1863.84 1846.56 1831.49 1816.84 1801.06 1800.44 1797.81 1793.24 1786.62 1780.8 1772.84 1762.59 1752.18 1743.08 1732.23 1721.3 1709.59 1700.93 1690.61 1682.16 1672.15 1666.14 1664.52 1667.65 1671.95 1668.29 1657.26 1645.7 1629.51 1619.77 1613.31 1598.06 1581.29 1569.54 1560.81 1550.57 -9999 -9999 -9999 -9999 -9999 -9999 -9999 -9999 -9999 -9999 -9999 -9999 -9999 
-9999 -9999 -9999 -9999 -9999 -9999 2458.4 2472.27 2487 2507.28 2503.72 2489.31 2474.86 2460.48 2444.15 2429.23 2412.59 2398.11 2383.09 2368.59 2353.11 2338.67 2322.81 2306.5 2288.19 2270.06 2251.47 2236.19 2218.96 2202.79 2185.51 2173.45 2154.69 2140.55 2124.87 2109.11 2093.2 2080.8 2066.46 2054.89 2041.47 2022.59 2004.34 1982.83 1965.18 1948.87 1931.33 1917.4 1905.72 1897.25 1896.87 1895.27 1885.64 1873.4 1855.21 1840 1824.1 1808.74 1797.33 1783.78 1779.39 1777.1 1770.53 1766.16 1760.92 1753.75 1744.81 1735.02 1725.11 1714.62 1704.39 1694.47 1683.87 1674.14 1665.1 1655.42 1651.61 1653.54 1656.92 1660.66 1654.02 1645.3 1632.19 1616.86 1603.22 1593.77 1580.75 1565.37 1557.13 1549.77 1533.75 1548.15 -9999 -9999 -9999 -9999 -9999 -9999 -9999 -9999 -9999 -9999 -9999 
-9999 -9999 -9999 -9999 -9999 -9999 2484.28 2490.47 2502.11 2510.8 2491 2473.51 2460.12 2453.14 2437.16 2423.89 2408.69 2394.43 2377.16 2360.28 2339.43 2331.72 2316.57 2300.72 2284.25 2267.73 2250.9 2235.52 2218.02 2202.27 2185.08 2169.48 2152.32 2137.96 2122.85 2109.33 2095.16 2083.03 2069.02 2055 2039.28 2024.87 2005.5 1988.5 1971.45 1955.85 1936.46 1917.96 1901.35 1883.82 1876.13 1872.87 1874.34 1864.47 1846.71 1830.37 1812.68 1798.17 1786.74 1778.6 1767.41 1759.74 1754.99 1750.73 1746.31 1741.74 1734.34 1726.28 1716.78 1707.03 1695.97 1686.73 1677.77 1668.29 1659.45 1649.21 1642.11 1637.8 1640.28 1645.47 1649.19 1640.07 1629.28 1618.36 1604.11 1590.25 1577.87 1565.49 1554.81 1546.76 1528.11 1527.54 1539.58 1547.35 -9999 -9999 -9999 -9999 -9999 -9999 -9999 -9999 -9999 
-9999 -9999 -9999 -9999 -9999 2471.49 2496.5 2496.22 2514.39 2501.62 2482.17 2463.25 2447.13 2434.82 2428.43 2414.12 2400.28 2388 2373.79 2358.04 2339.83 2320.92 2303.78 2291.5 2278.58 2264.38 2248.6 2233.92 2217.42 2201.85 2185.57 2168.92 2151.17 2136.25 2120.9 2106.99 2092.4 2079.09 2064.71 2051.22 2035.3 2021.75 2007.48 1991.55 1973.43 1954.8 1934.5 1917.83 1899.8 1885.9 1868.75 1856.44 1851.58 1850.5 1837.22 1822.21 1807.14 1791.23 1778.73 1769.94 1762.18 1752.5 1743.6 1738.63 1733.02 1729.43 1721.04 1712.84 1707.96 1699.93 1690.57 1679.99 1671.64 1662.56 1653.51 1646.29 1636.99 1629.07 1626.47 1630.98 1637.72 1638.25 1623.92 1609.54 1599.49 1587.82 1573.49 1561.5 1551.4 1538.89 1522.75 1526.77 1538.84 1546.18 1556.69 1563.19 -9999 -9999 -9999 -9999 -9999 -9999 -9999 
-9999 -9999 -9999 -9999 -9999 2457.91 2476.71 2478.28 2492.98 2492.39 2470.78 2453.69 2437.83 2427.72 2410.57 2400.45 2382.72 2378.52 2364.35 2355.68 2339.02 2320.72 2301.56 2284.36 2266.34 2254.18 2241.51 2228.16 2210.96 2192.95 2177.21 2163.39 2147.52 2131.66 2115.74 2103.06 2089.81 2077.2 2062.64 2048.11 2031.55 2014.33 1997.63 1982.29 1967.04 1953.01 1934.87 1917.19 1897.79 1882.31 1865.19 1852.18 1835.47 1830.65 1824.33 1815 1802.45 1789.27 1772.04 1760.67 1753.01 1746.19 1736.4 1728.5 1721.66 1714.41 1706.3 1697.72 1692.23 1694.1 1683.59 1673.82 1664.52 1655.88 1647.77 1638.97 1630.74 1623.13 1617.42 1616.04 1622.46 1629.66 1623.91 1608.32 1590.77 1577.73 1565.9 1554.32 1544.67 1531.1 1519.02 1523.74 1537.82 1544.35 1551.98 1561.25 1568.12 1575.71 1589.34 1602.97 1618.88 1634.16 1652.05 
-9999 -9999 -9999 -9999 -9999 2437.21 2445.45 2469.03 2492.24 2487.97 2468.65 2451.05 2434.44 2417.33 2398.22 2384.51 2374.12 2360.15 2350.01 2343.27 2328.12 2314.94 2298.6 2281.32 2263.28 2248.15 2230.67 2219.31 2202.03 2186.49 2174.45 2155.72 2141.09 2127.78 2111.97 2098.79 2084.35 2071.05 2056.62 2040.8 2024.96 2011.46 1999.99 1983.52 1967.03 1952.02 1931.91 1914.72 1897.81 1882.22 1862.63 1848.94 1834.98 1822.29 1810.3 1804.22 1793.75 1782.62 1769.01 1756.81 1745.78 1738.84 1731.13 1722.35 1713.71 1706.83 1697.01 1686.95 1680.88 1680.81 1679.59 1671.09 1661.64 1652.1 1643.36 1635.38 1626.62 1618.49 1611.42 1606.38 1608.98 1616.75 1613.93 1602.66 1586.26 1571.42 1557.97 1547.23 1538.91 1527.08 1515.41 1520.14 1534.27 1541.39 1550.23 1560.17 1569.09 1574.91 1588.13 1603.1 1619.53 1635.08 1653.28 
-9999 -9999 -9999 -9999 -9999 2416.77 2442.93 2468.07 2495.35 2487.68 2472.89 2454.36 2433.3 2415.08 2395.55 2377.78 2356.38 2344.15 2328.93 2321.46 2316.15 2300.37 2290.21 2276.07 2258.52 2243.75 2227.57 2209.02 2191.29 2176.59 2156.95 2143.07 2126.08 2112.53 2094.11 2081.88 2071.46 2056.55 2043.43 2029.38 2016.77 2003.6 1991.54 1981.6 1967.12 1953.3 1941.8 1929 1908.35 1888.9 1866.82 1849.45 1831.3 1818.07 1806.5 1794.49 1784.28 1776.33 1764.93 1753.44 1742.07 1733.13 1724.64 1717.03 1708.05 1700.73 1692.21 1683.81 1674.54 1667.64 1665.57 1662.99 1660.96 1654.43 1640.1 1630.38 1621.64 1613.67 1605.82 1600.18 1595.91 1603.69 1602.78 1595.9 1578.9 1564.66 1550.68 1541.22 1532.74 1521.5 1512.62 1518.25 1533.64 1538.75 1548.13 1559.52 1568.4 1578.04 1592.03 1605.61 1621.23 1636.42 1654.88 
-9999 -9999 -9999 -9999 -9999 2421.04 2451.4 2475.28 2488.15 2480.29 2467.48 2454.32 2434.24 2412.07 2391.17 2372.6 2354.22 2334.72 2314.9 2303.38 2297.3 2291.02 2275.34 2265.57 2252.53 2236.39 2220.01 2206.04 2189.83 2175.11 2154.78 2135.92 2113.67 2097.84 2079.95 2064.27 2052.33 2041.97 2028.13 2015.88 2007.97 1996.14 1982.11 1971.65 1957.08 1942.96 1930.33 1918.64 1905.77 1891.94 1871.63 1852.91 1833.25 1816.07 1801.59 1790.84 1778.95 1769.27 1759.59 1750.75 1739.52 1729.97 1721.14 1712.81 1703.81 1695.76 1688.16 1680.96 1673.01 1665.9 1658 1653.05 1653.59 1649.52 1637.88 1631.56 1619.56 1608.42 1601.41 1594.84 1588.02 1591.28 1594.14 1592.43 1576.8 1560.58 1545.73 1535.13 1528.23 1515.76 1511.42 1517.24 1532.46 1539.04 1548.09 1557.5 1566.56 1577.39 1593.82 1608.03 1622.95 1638.81 -9999 
-9999 -9999 -9999 -9999 2409.48 2423.05 2447.03 2468.28 2483.43 2471.84 2456.73 2444.91 2428.51 2407.66 2388 2366.36 2347.88 2333.08 2313.27 2293.88 2278.04 2273.99 2262.62 2251.27 2239.17 2225.87 2202.63 2189.32 2173.54 2171.11 2156.1 2138.6 2117.92 2097.47 2075.59 2058.35 2037.64 2023.46 2013.24 2001.05 1992.88 1987.18 1977.13 1961.72 1948.1 1935.07 1920.36 1907.49 1894.31 1880.37 1865.77 1850.24 1833.25 1817.28 1799.46 1784.94 1773.93 1764.42 1753.37 1745.63 1736.27 1726.9 1718.2 1710.05 1700.46 1692.85 1683.86 1676.76 1670.06 1663.55 1656.24 1649.87 1643.6 1645.29 1633.48 1622.8 1614.83 1605.22 1592.59 1587.34 1580.73 1576.42 1578.33 1580.86 1572.49 1557.92 1540.85 1529.67 1520.62 1509.14 1507.53 1519 1529.96 1538.82 1549.69 1558.87 1568.09 1579.45 1593.34 1607.14 1622.23 1639.21 -9999 
-9999 -9999 -9999 -9999 2427.2 2443.33 2456.16 2475.28 2478.17 2463.74 2447.86 2435.01 2421.47 2409.18 2385.76 2367.62 2346.96 2328.11 2309.67 2295.31 2277.65 2258.12 2249.4 2239.62 2226.76 2214.34 2195.2 2177.87 2161.17 2148.93 2146.55 2136.24 2119.9 2099.86 2076.12 2054.67 2034.77 2015.85 2000.07 1986.88 1977.38 1970.99 1965.38 1958.9 1941.01 1925.06 1912.46 1900.12 1885.53 1872.01 1857.28 1843.94 1828.07 1813.87 1797.32 1782.6 1768.85 1759.78 1750.04 1741.16 1731.6 1723.47 1713.78 1705.49 1696.98 1688.9 1680.6 1672.84 1665.8 1660.09 1653.36 1646.4 1639.44 1633.36 1633.06 1619.97 1606.66 1597.14 1584.72 1580.01 1574.31 1568.68 1564.27 1567.29 1566.98 1553.14 1535.63 1525.14 1511.2 1499.62 1506.42 1514.88 1528.34 1537.42 1548.77 1558.74 1567.19 1579.82 1595.2 1609.89 1626.49 1641.37 -9999 
-9999 -9999 -9999 -9999 2446.39 2464.85 2474.21 2474.35 2467.3 2456.38 2441.18 2426.96 2410.83 2398.59 2382.04 2361.72 2341.71 2323.74 2303.06 2287.23 2272.18 2258.21 2238.1 2219.94 2215.62 2204 2189.16 2173.22 2152.77 2134.9 2124.12 2115.43 2100.07 2092.59 2071.65 2050.98 2028.13 2009.22 1991.48 1979.01 1965.2 1954.32 1947.64 1942.54 1936.72 1921.8 1905.52 1892.65 1879.25 1866.12 1851.62 1836.14 1822.86 1810.3 1795.26 1784.41 1769.05 1757.21 1746.98 1737.87 1728.03 1719.78 1710.06 1701.84 1692.96 1685.01 1675.69 1667.89 1660.13 1653.58 1646.45 1639.39 1630.06 1624.22 1619.42 1621.21 1611.36 1601.45 1586.02 1574.54 1567.61 1562.62 1555.16 1553.28 1555.34 1545.89 1528.56 1520.43 1504.28 1495.12 1503.71 1515.98 1524.92 1534.84 1543.69 1554.03 1564.88 1581.29 1602.13 1616.29 1633.1 1648.77 -9999 
-9999 -9999 -9999 -9999 2465.2 2458.68 2471.58 2463.33 2455.03 2446.24 2434.11 2421.01 2405.91 2391.22 2376.8 2363.89 2344.42 2328.04 2309.81 2293.45 2275.07 2258.48 2238.72 2214.45 2194.95 2181.35 2176.94 2163.46 2147.68 2128.81 2110.67 2102.64 2089 2074.5 2062.5 2045.14 2023.62 2006.65 1988.27 1972.78 1957.79 1945.94 1932.31 1926.12 1920.33 1919.55 1904.4 1889.49 1874.84 1861.75 1849.13 1835.94 1822.69 1809.58 1796.13 1784.74 1771.62 1759.66 1746.5 1737.41 1727.48 1717.4 1707.92 1699.34 1689.05 1681.11 1670.06 1662.8 1654.5 1646.49 1638.75 1631.04 1622.42 1616.48 1610.53 1607.01 1611.11 1606.73 1590.03 1574.89 1562.17 1557.48 1550.86 1543.82 1541.89 1536.18 1522.57 1516.03 1504.27 1489.49 1499.59 1512.81 1523.98 1536.14 1543.84 1553.9 1567.25 1586.35 1602.99 1618.76 1636.08 1647.95 -9999 
-9999 -9999 -9999 2418.15 2442.95 2442.65 2459.17 2449.42 2440.77 2430.24 2416.24 2404.89 2399.35 2385.39 2369.73 2352.77 2343.8 2329.99 2312.84 2294.5 2274.93 2255.07 2229.71 2214.73 2191.73 2170.58 2149.76 2141.21 2134.11 2124.36 2105.5 2089.08 2079.91 2067.82 2052.64 2037.73 2021.92 2006.88 1988.55 1972.86 1956.65 1941.43 1925.17 1912.08 1903.68 1901.14 1902.07 1889.56 1872.14 1858.4 1845.61 1835.45 1822.23 1810.22 1796.35 1782.82 1772.35 1762.99 1751.48 1741.36 1728.99 1718.35 1707.56 1698.63 1689.15 1680.72 1668.56 1655.99 1646.53 1639.67 1630.66 1623.59 1615.38 1608.47 1603.43 1597.98 1596.83 1600.09 1591.77 1575.98 1558.9 1550.76 1546.21 1538.24 1531.45 1527.65 1521.67 1513.48 1500.05 1486.6 1497.44 1511.36 1526.26 1535.08 1546.24 1556.85 1571.23 1585.58 1602.34 1617.68 1635.81 -9999 -9999 
-9999 -9999 -9999 2402.97 2423.34 2440.45 2446.57 2438.16 2427.91 2418.48 2401.9 2385.47 2375.49 2377.79 2359.85 2341.12 2330.75 2318.79 2297.15 2285.61 2263.25 2245.33 2230.88 2206.52 2184.37 2165.28 2145.52 2126.53 2107.56 2108.37 2099.19 2082.65 2068.88 2059.16 2045.02 2032.77 2020 2006.1 1991.01 1975.43 1957.24 1942.69 1925.46 1909.48 1893.52 1883.87 1880.39 1878.35 1867.8 1855.31 1844.65 1835.44 1823.37 1812.42 1799.5 1787.08 1774.37 1761.98 1754.62 1747.18 1734.48 1721.57 1710.49 1700.14 1691.2 1679.19 1667.81 1657.53 1646.42 1633.56 1623.84 1616.11 1608.45 1601.35 1593.92 1588.88 1584.53 1581.31 1582.96 1573.57 1558.81 1547.34 1540.3 1533.53 1524.04 1521.62 1516.23 1511.19 1496.06 1484.88 1493.97 1508.16 1526.01 1535.24 1546.82 1558.03 1572.51 1586.6 1602.5 1617.84 1634.42 -9999 -9999 
-9999 -9999 2383.35 2400.68 2419.39 2445.33 2435.26 2426.12 2415.8 2406.82 2390.4 2372.77 2358.65 2342.1 2344.2 2329.88 2307.66 2290.43 2284.17 2265.3 2248.89 2229.47 2210.9 2204.78 2186.05 2166.57 2145.6 2127.31 2108.32 2092.62 2078.77 2071.17 2058.04 2047.84 2037.38 2025.29 2012.48 2000.62 1987.82 1977.1 1961.92 1947.47 1930.31 1914.56 1897.36 1880.87 1863.06 1853.92 1851.13 1845.25 1835.3 1826.96 1823.61 1814.67 1801.28 1788.6 1776.79 1768.43 1756.27 1746.11 1734.63 1725.5 1716.2 1709.95 1699.21 1685.32 1670.27 1655.79 1641.92 1627.27 1618.31 1609.4 1600.66 1594.22 1586.15 1580.42 1573.71 1567.45 1567.15 1571.7 1562.92 1549.37 1534.67 1530.11 1521.86 1512.56 1509.45 1506.63 1495.57 1479.85 1490.55 1505.14 1522.46 1534.42 1545.92 1557.89 1572.82 1585.09 1602.01 1616.4 1633.61 -9999 -9999 
-9999 -9999 2371.07 2389.09 2410.42 2428.34 2424.22 2415.67 2404.38 2389.98 2373.78 2361.72 2342.6 2326.01 2309.14 2318.17 2296.69 2275.33 2255.2 2242.48 2235.17 2224.3 2203.8 2183.11 2170.79 2155.78 2146.01 2131.96 2110.51 2091.93 2074.54 2062.85 2046.48 2040.02 2028.73 2018.11 2005.31 1992.61 1980.28 1969.07 1958.98 1948.79 1938.39 1918.73 1899.85 1882.12 1862.6 1847.89 1833.78 1828.85 1820.59 1809.34 1805.17 1803.94 1799.48 1789.25 1776.95 1768.36 1754.01 1742.67 1735.36 1725.25 1716.33 1710.99 1699.39 1684.09 1670.01 1659.78 1648.35 1631.23 1617.43 1607.66 1594.65 1586.51 1580.65 1574.39 1567.6 1561.16 1554.91 1562.31 1563.65 1549.75 1532.45 1523.17 1518.14 1510.98 1500.24 1496.53 1492.18 1477.06 1486.78 1503.83 1520.07 1533.17 1543.63 1555.03 1569.66 1585.93 1604.26 1624.42 1640.86 -9999 -9999 
-9999 -9999 2364.72 2393.03 2394.11 2408.26 2404.27 2403.42 2385.21 2368.55 2348.43 2337.2 2331.8 2315.41 2297.83 2280.25 2270.9 2268.75 2244.05 2228.44 2215.66 2214.09 2204.59 2185.01 2164.32 2141.46 2127.03 2117.25 2114.63 2092.25 2071.35 2055.49 2043.68 2026.81 2019.33 2009.96 1997.17 1987.68 1973.76 1961.83 1950.84 1940.48 1930.24 1917.6 1899.45 1881.14 1862.02 1845.58 1829.82 1817.63 1806.58 1796.21 1787.01 1786.36 1784.71 1786.95 1779.25 1769.99 1754.59 1743.04 1734.52 1725.4 1714.55 1709.84 1697.42 1687.72 1677.03 1663.87 1649.55 1635.81 1620.85 1608.03 1593.68 1580.61 1570.76 1566.15 1560.33 1554.05 1547.36 1544.3 1551.54 1546.89 1531.16 1518.65 1513.47 1507.17 1501.2 1487.99 1477.37 1475.27 1487.93 1500.58 1516.25 1529.89 1539.24 1553.23 1570.65 1590.59 1611.85 1632.54 1638.16 -9999 -9999 
-9999 2345.77 2382.84 2377.87 2375.87 2385.61 2382.52 2391.47 2373.68 2358.79 2339.99 2321.15 2312.32 2303.06 2286.67 2275.7 2254.3 2249.61 2241.33 2225.06 2203.78 2191.44 2188.9 2180.05 2158.76 2136.01 2116.24 2104.1 2094.85 2083.55 2063.12 2048 2034.3 2025.02 2008.9 2001.59 1990.87 1980.27 1968.34 1956.52 1943.05 1932.61 1922.84 1911.68 1895.82 1879.6 1863.25 1847.26 1830.83 1818.56 1803.37 1790.28 1779.49 1770.58 1767.23 1767.79 1765.55 1766.24 1753.28 1745.05 1733.87 1722.34 1709.36 1701.67 1694.4 1683.53 1670.6 1658.3 1645.3 1633.05 1621.14 1607.29 1595.43 1580.44 1568.25 1558.09 1551.59 1545.77 1540.37 1535.06 1532.2 1534.91 1528.34 1514.36 1509.47 1500.97 1494.74 1481.56 1472.53 1477.78 1486.75 1501.02 1513.59 1525.81 1536.77 1552.86 1569.93 1587.85 1616.92 1636.03 -9999 -9999 -9999 
-9999 2341.64 2365.96 2359.29 2358.88 2363.94 2361.22 2376.95 2359.35 2341.88 2325.98 2311.97 2292.03 2277.73 2263.57 2254.02 2251.04 2235.9 2224.61 2213.32 2199.46 2181.43 2166.36 2161.21 2143.59 2123.43 2106.49 2094.04 2082.11 2069.87 2057.62 2043.03 2027.27 2015.4 2005.16 1995.5 1983.75 1972.31 1961.87 1948.81 1937.57 1925.11 1912.38 1906.41 1901.34 1885.43 1868.78 1853.48 1840.39 1824.26 1808.59 1796.03 1775.48 1761.55 1752.09 1747.3 1744.48 1745.33 1744.28 1736.61 1726.36 1715 1704.04 1699.53 1688.48 1676.02 1667.71 1653.49 1637.32 1621.44 1608.48 1603.06 1598.17 1587.65 1572.31 1557.24 1545.73 1538.9 1532.01 1527.72 1523.4 1519.34 1517.88 1510.18 1502.63 1495.25 1490.18 1478.63 1469.64 1474.96 1484.94 1500.51 1511.06 1520.92 1535.86 1550.84 1568.25 1583.95 1605.19 1624.28 -9999 -9999 -9999 
-9999 2330.57 2339.03 2340.28 2340.5 2347.48 2345.33 2357.95 2336.67 2319.37 2303.96 2289.01 2275.23 2258.61 2249 2236.83 2234.59 2220.84 2204.73 2197.25 2185.27 2175.1 2156.83 2142.46 2130.86 2114.62 2098.75 2083.6 2070.75 2060.51 2050.81 2041.7 2026.85 2009.98 1998.89 1987.96 1977.14 1967.37 1954.99 1944.74 1930.69 1920.04 1903.61 1892.53 1889.51 1882.1 1869.9 1863.67 1844.51 1827.86 1809.92 1795.23 1777.89 1760.96 1745.71 1735.64 1727.89 1726.62 1726.53 1722.09 1713.37 1704.8 1697.23 1692.72 1682.2 1672.09 1663.83 1647.24 1631.35 1616.88 1603.37 1591.7 1586.98 1578.17 1566.5 1553.23 1539.71 1533.3 1527.09 1521.59 1517.05 1513.44 1510.05 1506.03 1499.44 1488.13 1483.84 1474.22 1466.61 1473.23 1483.53 1497.28 1509.65 1521.93 1535.36 1549.36 1565.64 1580.71 1598.03 1617.27 -9999 -9999 -9999 
2311.1 2307.39 2314.21 2313.42 2322.23 2325.73 2327.72 2340.4 2322 2305 2287.89 2270.51 2253.35 2245.34 2230.4 2220.98 2211.32 2202.08 2190.77 2179.74 2170.13 2158.14 2146.8 2133.96 2118.85 2107.39 2090.83 2076.32 2061.19 2048.62 2039.21 2031.15 2019.97 2005.9 1991.91 1979 1968.24 1959.27 1947.69 1937.3 1926.36 1914.98 1901.39 1887.71 1873.62 1868.32 1863.03 1853.51 1844.41 1828.9 1810.75 1794.06 1778.33 1768.15 1750.55 1733.2 1718.75 1710.05 1707.41 1705.67 1699.57 1694.69 1693.78 1685.03 1677.7 1671.56 1660.14 1648.96 1634.09 1619.28 1604.3 1585.06 1568.65 1559.98 1549.36 1537.52 1528.64 1525.9 1520.23 1515.51 1509.7 1505.5 1502.16 1499.48 1492.43 1482.63 1475.19 1468.04 1462.74 1471.98 1482 1494.22 1508.87 1521.09 1534.56 1549.01 1566.76 1582.78 1599.52 1616.21 -9999 -9999 -9999 
2291.73 2293.11 2290.74 2297.93 2307.01 2304.34 2312.16 2321.35 2303.53 2287.08 2269.7 2252.82 2235.5 2225.27 2211.83 2201.75 2197.83 2186.93 2178.86 2169.44 2154.54 2146.86 2133.2 2123.88 2109.6 2096.53 2083.52 2070.06 2054.63 2041.82 2028.14 2021.6 2010.41 1999.79 1986.06 1973.46 1960.35 1949.96 1940.81 1930.78 1918.18 1908.26 1895.98 1885.39 1871.96 1855.62 1845.06 1843.93 1835.31 1826.78 1817.84 1803.6 1787.45 1770.67 1750.03 1733.5 1718.32 1704.77 1693.13 1689.46 1689.13 1687.96 1688.17 1684.35 1676.24 1669.45 1661.03 1649.58 1631.37 1617.51 1607.86 1587.59 1568.12 1556.99 1542.92 1532.63 1524.79 1519.91 1514.1 1508.53 1504.24 1498.67 1494.18 1491.01 1486.45 1478.85 1470.11 1465.9 1460.67 1467.51 1476.89 1489.78 1505.42 1517.83 1531.89 1548.13 1573.39 1588.02 1607.02 1640.95 -9999 -9999 -9999 
2272.32 2268.76 2272.31 2278.34 2287.5 2285.03 2296.67 2307.24 2286.88 2260.32 2240.86 2226.89 2217.89 2204.83 2191.57 2180.37 2179.41 2172.85 2164.01 2155.64 2145.1 2134.59 2121.78 2109.62 2097.93 2086.75 2073.36 2060.24 2048.92 2034.75 2021.14 2010 2000.66 1990.19 1979.18 1967.96 1952.26 1939.47 1930.3 1922.26 1911.61 1901.12 1890.53 1880.22 1868.02 1855.98 1841.5 1825.39 1819.26 1815.9 1811.68 1803.81 1783.02 1765.55 1745.95 1732.68 1717.8 1703.2 1687.69 1678.83 1674.11 1674.92 1675.63 1677.51 1671.61 1660.37 1648.22 1637.36 1627.45 1612.33 1603.31 1593.34 1583.53 1569.25 1552.75 1540.09 1530.01 1517.15 1507.57 1502.47 1496.83 1492.5 1487.45 1482.37 1476.59 1471.75 1466.59 1463.77 1459.14 1468.93 1480.22 1493.1 1506.64 1519.48 1535.48 1556.74 1579.54 1609.76 1634 1653.07 -9999 -9999 -9999 
-9999 2247.78 2253.26 2254.31 2268.23 2267.66 2284.14 2291.02 2270.64 2245.76 2222.85 2206.34 2197.78 2187.31 2173.13 2165.7 2162.29 2157.65 2149.95 2141.96 2132.42 2123.62 2113.21 2101.2 2084.81 2075.64 2063.13 2051.82 2040.44 2029.15 2015.23 2003.37 1989.96 1982.71 1971.44 1960.93 1946.94 1932.81 1921.98 1912.87 1903.36 1894.26 1884.11 1873.26 1862.89 1852.3 1839.77 1828.23 1812.18 1798.85 1794.68 1790.05 1784.56 1767.91 1750.09 1735.59 1719.56 1703.93 1684.61 1674.7 1663.54 1656.02 1656.14 1663.24 1664.39 1648.74 1631.83 1619.62 1610.83 1602.02 1591.45 1583.54 1574.56 1565.71 1558.83 1546.89 1536.3 1522 1502.26 1496.93 1490.71 1485.97 1480.77 1476.62 1472.04 1468.15 1463.03 1460.38 1457.08 1467.05 1479.47 1497.67 1508.72 1522.29 1539.99 1558.43 1581.55 1641.88 1665.97 -9999 -9999 -9999 -9999 
-9999 2219.11 2235.85 2233.89 2245.99 2250.35 2267.32 2285.36 2255.15 2231.46 2208.72 2192.83 2174.94 2167.71 2161.47 2150.04 2143.76 2138.48 2133.73 2127.33 2120.05 2109.83 2101.53 2091.68 2078.41 2062.81 2050.43 2040.97 2029.97 2020.43 2008.13 1996.48 1984.15 1970.88 1963.62 1953.17 1941.79 1929.17 1917.37 1903.49 1893.27 1885.33 1875.15 1865.97 1855.13 1845.39 1835.96 1826.47 1816.8 1804.06 1789.25 1772.3 1769.85 1763.44 1755.61 1745.7 1726.4 1708.39 1691.77 1681.49 1665.76 1649.68 1640.69 1641.67 1649.97 1634.65 1619.94 1609.62 1598.69 1593.5 1580.19 1570.83 1560.81 1553.34 1545.53 1538.84 1528.81 1515.52 1498.86 1488.82 1483.5 1479.09 1474.33 1470.08 1465.94 1464.67 1459.71 1454.69 1449.63 1460.42 1478.42 1495.47 1509.46 1524.43 1546.37 1564.65 1628.46 1650.38 1670.27 -9999 -9999 -9999 -9999 
-9999 2197.82 2211.69 2215.7 2220.21 2237.36 2267.14 2268.71 2246.42 2221.45 2205.04 2180.34 2161.92 2149.83 2140.49 2135.83 2128.75 2123.11 2116.16 2111.39 2108.5 2100.6 2087.61 2081.76 2070.11 2058.46 2044.04 2028.26 2018.49 2009.96 2000.54 1990.15 1977.5 1965.84 1953.23 1945.79 1933.57 1922.94 1909.38 1895.71 1884.57 1876.11 1866.54 1857.84 1847.51 1839.93 1831.19 1823.62 1814.43 1806.35 1786.9 1770.73 1755.45 1748.51 1739.59 1735.79 1721.77 1713.29 1700.42 1683.11 1664.32 1647.03 1633.68 1625.71 1631.31 1620.51 1609.6 1600.03 1590.9 1580.03 1567.8 1563.52 1554.13 1543.25 1533 1529.17 1514.78 1505.11 1491.84 1481.39 1477.11 1473.27 1469.7 1464.63 1462.47 1459.33 1454.66 1448.94 1450.52 1467.56 1482.17 1494.9 1512.99 1530.46 1551.94 1581.54 1634.01 1654.32 1667.6 -9999 -9999 -9999 -9999 
-9999 2176.33 2184.46 2190.37 2210.54 2237.42 2256.76 2245.92 2233.72 2212.91 2189.11 2168.15 2148.34 2132.73 2124.83 2118.22 2116.12 2106.47 2098.54 2094.37 2091.92 2087.29 2076.73 2068.52 2059.98 2048.88 2037.28 2025.29 2011.76 1997.29 1988.66 1981.24 1968.78 1957.26 1946.82 1936.53 1926.94 1915.6 1902.74 1889.69 1876.18 1865.7 1855.81 1846.95 1838.9 1832.22 1824.8 1816.6 1808.12 1801.71 1792.98 1779.44 1761.57 1747.48 1734.05 1718.78 1706.08 1691.59 1683.16 1672.56 1662.04 1645.31 1627.18 1619.13 1610.7 1609.14 1599.63 1590.44 1583.09 1572.55 1562.31 1554.29 1549.4 1537.64 1529.94 1522.23 1509.21 1494.84 1481.97 1473.53 1470.38 1466.89 1462 1457.69 1455.28 1453.09 1446.01 1447.28 1462.68 1472.95 1484.45 1491.7 1513.78 1538.88 1560.14 1616.03 1635.68 1652.52 1662.89 -9999 -9999 -9999 -9999 
-9999 -9999 2160.03 2181.31 2210.14 2232.05 2230.99 2222.97 2208.92 2191.63 2169.13 2150.15 2134.97 2119.67 2109.43 2103.04 2100.42 2092.4 2083.29 2078.12 2076.42 2074.69 2064.25 2055.92 2048.7 2039.6 2027.41 2017.83 2005.91 1993.68 1978.19 1971.07 1959.74 1946.56 1936.93 1927.26 1917.93 1909.07 1896.68 1885.12 1872.6 1860.39 1846.95 1835.93 1828.63 1823.87 1817.09 1810.37 1798.86 1793.05 1785.89 1778.83 1770.51 1755.65 1742.02 1728.91 1715.44 1693.98 1677.52 1664.38 1649.76 1633.86 1618.84 1611.22 1603.62 1595.77 1589.1 1581.7 1571.33 1567.35 1554.47 1547.81 1540.47 1530.27 1521.79 1514.83 1505.01 1490.54 1478.61 1469.9 1464.13 1458.95 1455.23 1452.04 1448.8 1445 1442.26 1455.62 1465.56 1474.68 1484.5 1497.94 1526.62 1549.74 1583.82 1612.3 1631.51 1646.45 -9999 -9999 -9999 -9999 -9999 
-9999 -9999 2165.73 2192.42 2215.31 2234.09 2215.37 2200.58 2181.3 2174.52 2147.35 2127.05 2114.93 2104.66 2091.87 2086.56 2080.75 2078.75 2067.49 2061.39 2055.82 2055.83 2051.71 2043.56 2036.84 2028.12 2017.29 2006.43 1996.37 1986.32 1973.79 1958.93 1950.36 1939.45 1927.77 1918.71 1909.53 1899.31 1889.49 1878.95 1867.5 1855.94 1843.59 1831.43 1821.76 1815.32 1810.94 1800.37 1790.6 1785.19 1777.84 1769.16 1762.27 1757.33 1748.86 1735.63 1724.54 1710.62 1690.09 1668.78 1652.36 1640.59 1623.8 1610.52 1597.78 1587.93 1580.04 1572.19 1562.88 1556.93 1559.42 1539.89 1529.53 1523.63 1514.31 1508.55 1496.87 1487.94 1475.3 1462.99 1458.85 1454.39 1450.55 1446.9 1439.79 1432.31 1446.74 1457.51 1467.81 1474.73 1488.04 1504.97 1534.87 1562.52 1590.84 1605.62 1623.55 1639.7 1653.29 -9999 -9999 -9999 -9999 
-9999 -9999 2172.47 2199.37 2221.18 2221.84 2201.31 2182.94 2166.93 2157.36 2138.21 2116.79 2095.44 2085.43 2074.82 2071.68 2064.4 2061.12 2053.66 2046.76 2040.76 2037.07 2034.98 2031.43 2025.77 2017.51 2007.34 1997.5 1986.48 1976.56 1964.59 1952.25 1938.48 1930.93 1918.99 1909.83 1900.06 1890.41 1881.35 1871.56 1861.08 1850.85 1838.59 1827.01 1817.66 1811.24 1805.08 1795.27 1787.66 1776.8 1765.21 1759.84 1755.15 1754.45 1753.51 1743.27 1724.3 1712.77 1699.68 1678.01 1667.75 1649.38 1633.66 1613.43 1596.99 1586.36 1572.7 1566.78 1557.3 1550.28 1547.86 1545.44 1525.46 1519.23 1510.93 1501.37 1490.78 1482.08 1467.75 1457.01 1453.97 1450.33 1444.34 1441.16 1431.61 1433.67 1442.88 1454.87 1466 1477.53 1493.43 1510.6 1537.38 1570.36 1585.97 1603.08 1620.83 1632.9 1644.99 -9999 -9999 -9999 -9999 
-9999 -9999 2179.55 2211.68 2224.32 2206.07 2189.04 2169.54 2149.44 2131.45 2121.1 2099.5 2075.34 2063.11 2055.45 2054.39 2049.05 2044.06 2038.32 2032.27 2024.64 2019.95 2015.87 2012.32 2011.39 2007.12 1997.14 1985.07 1974.82 1965.97 1955.5 1947.18 1932.5 1920.15 1910.21 1900.16 1890.63 1883.49 1871.73 1863.93 1853.39 1843.49 1832.8 1823.51 1815.93 1810.38 1803.64 1794.15 1781.68 1772.51 1758.2 1754.02 1747.72 1749.11 1751.11 1743.22 1727.86 1714.48 1701.74 1688.34 1672.95 1656.26 1636.38 1620.45 1603.85 1591.19 1575.7 1562.05 1551.15 1544.63 1537.22 1533.12 1519.96 1508.44 1499.64 1493.57 1488.52 1475.9 1463.15 1455.96 1450.15 1444.37 1440.18 1436.6 1427.72 1422.59 1438.19 1451.89 1464.3 1479.11 1494.7 1512.93 1535.47 1556.02 1580.47 1596.57 1610.69 1622.68 1636.25 -9999 -9999 -9999 -9999 
-9999 -9999 2190.74 2219.1 2204.49 2187.94 2169.1 2151.56 2134.33 2115.12 2097.32 2078.46 2055.99 2047.25 2040.16 2039.03 2034.44 2029.2 2023.91 2019.06 2012.3 2005.85 1999.76 1998.94 1994.57 1996.54 1987.8 1978.81 1965.87 1956.1 1945.81 1936.69 1926.37 1915.37 1903.07 1893.32 1881.81 1873.22 1865.13 1856.45 1847.8 1840.88 1829.77 1822.08 1815.58 1809.5 1800.51 1791.29 1778.17 1765.06 1748.86 1746.22 1742.11 1739.67 1738.2 1736.51 1724.53 1721 1711.96 1700.33 1679.81 1659.64 1644.11 1628.66 1616.53 1601.83 1594.66 1569.15 1548.73 1540 1531.72 1525.17 1514.43 1506.58 1497.02 1491.17 1482.29 1472.8 1464.84 1455.97 1448.99 1442.93 1437.32 1432.21 1428.77 1417.66 1433.49 1443.84 1459.35 1478.03 1494.37 1508.76 1532.81 1552.07 1573.09 1587.53 1603.65 1615.65 1626.61 -9999 -9999 -9999 -9999 
-9999 -9999 2193.28 2187.25 2170.42 2165.57 2148.09 2132.11 2107.72 2093.75 2074.24 2060.23 2037.72 2031.53 2027.06 2022.67 2017.85 2012.97 2008.11 2003.85 1998.32 1992.16 1986.59 1983.94 1984.13 1977.9 1977.18 1970.05 1958.78 1948.75 1938.08 1927.97 1916.98 1906.87 1894.23 1883.96 1875.04 1865.62 1857.16 1849.63 1840.52 1833.52 1826.25 1818.94 1813.21 1807.28 1797.38 1784.55 1769.98 1756.52 1747.9 1741.31 1737.3 1737.17 1734.54 1730.49 1719.16 1714.61 1709.42 1700.64 1685.54 1670.4 1657.1 1645.18 1621.71 1603.95 1586.38 1569.97 1549.61 1536.46 1528.36 1520.33 1510.43 1503.41 1494.44 1487.78 1478.1 1472.28 1463.09 1454.75 1446.83 1440.7 1435.11 1429.34 1423.03 1414.32 1428.89 1442.76 1458.04 1473.75 1490.4 1507.8 1528.61 1546.49 1564.82 1580.83 1594.95 1602.61 1609.13 1627.09 -9999 -9999 -9999 
-9999 -9999 2188.11 2171.87 2157.89 2143.77 2129.23 2110.39 2096.82 2079.38 2061.89 2043.99 2038.29 -9999 -9999 -9999 -9999 1998.39 1993.3 1988.91 1985.07 1979.97 1973.77 1968.98 1970.43 1963.06 1965.69 1961.15 1952.14 1941.61 1931.52 1921.82 1910.97 1901.23 1888.79 1877.21 1866.19 1859.88 1851.57 1842.21 1834.83 1829.23 1822.67 1816.51 1811.95 1804.27 1789.49 1775.7 1766.24 1757.85 1752.39 1747.32 1740.53 1738.52 1734.27 1729.15 1715.96 1700.95 1693.53 1688.7 1684.46 1670.61 1653.54 1644.6 1624.89 1608 1586.79 1568.91 1550.77 1538.67 1525.6 1517.27 1509.55 1502.43 1494.3 1485.92 1474.64 1467.2 1460.98 1452.48 1444.84 1439.14 1431.34 1426.98 1419.4 1409.76 1426.5 1441.32 1456.03 1471.21 1487.23 1503.41 1522.06 1539.81 1557.78 1573.26 1581.83 1587.16 1598.02 1621.88 -9999 -9999 -9999 
-9999 -9999 -9999 2164.68 2143.25 2120.21 2107.17 2090.15 2073.08 2055.24 -9999 -9999 -9999 -9999 -9999 -9999 -9999 -9999 -9999 1972.64 1970.6 1965.62 1960.69 1954.93 1954.08 1953.46 1949 1952.41 1943.93 1936.1 1925.73 1916.74 1907.11 1896.83 1884.45 1872.04 1861.46 1850.26 1843.07 1836.48 1829.6 1824.93 1820.55 1815.71 1810.43 1799.17 1782.43 1771.43 1763.6 1760.18 1756.22 1752.49 1747.55 1743.55 1735.42 1727.87 1710.84 1692.84 1685.73 1683.41 1674.97 1665.42 1649.42 1639.29 1622.85 1607.43 1590.34 1574.61 1558.52 1540.69 1529.7 1519.78 1507.31 1499.68 1496.11 1493.17 1483.85 1471.12 1454.75 1448.31 1441.15 1433.79 1427.26 1422.9 1414.89 1407.5 1423.69 1437.75 1452.85 1466.21 1480.32 1497.8 1517.69 1534.36 1552.23 1564 1568.46 1571.04 1588.98 -9999 -9999 -9999 -9999 
-9999 -9999 -9999 -9999 -9999 2110.13 2090.33 2077.53 -9999 -9999 -9999 -9999 -9999 -9999 -9999 -9999 -9999 -9999 -9999 -9999 1956.69 1951.97 1947.89 1942.27 1939.16 1939.65 1937.77 1938.69 1936.02 1929.06 1919.92 1911.49 1901.44 1891.14 1882.48 1870.95 1860.28 1848.23 1837.44 1832.01 1826.43 1822.23 1819.71 1816.65 1808.2 1796.02 1778.74 1770.77 1765.16 1760.77 1757.03 1752.52 1750.2 1743.11 1735.81 1723.97 1705.38 1691.74 1684.51 1682.3 1667.13 1653.93 1639.43 1630.36 1616.58 1601.26 1581.24 1569.07 1556.68 1549.32 1537.44 1527.49 1512.09 1495.64 1479.15 1479.92 1474.95 1467.31 1449.53 1442.04 1437.11 1431.16 1424.16 1419.79 1409.59 1402.55 1420.08 1432.57 1446.64 1459.76 1472.95 1493.5 1514.51 1530.19 1545.93 1551.85 1554.99 1558.94 1577 -9999 -9999 -9999 -9999 
-9999 -9999 -9999 -9999 -9999 -9999 -9999 -9999 -9999 -9999 -9999 -9999 -9999 -9999 -9999 -9999 -9999 -9999 -9999 -9999 -9999 1937.41 1932.55 1929.37 1923.59 1923.71 1925.09 1921.93 1928.21 1921.91 1914.79 1907.04 1897.28 1888.21 1880.14 1870.71 1858.78 1847.28 1834.04 1828.32 1824.65 1822.28 1819.75 1812.74 1800.76 1789.16 1779.68 1771.42 1767.99 1767.02 1761.5 1754.94 1749.98 1743.59 1731.8 1721.37 1703.39 1693.51 1684.52 1669.86 1654.57 1643.64 1632.32 1618.51 1606.21 1599.22 1597.75 1588.51 1573.26 1567.04 1556.31 1543.76 1511.28 1490.35 1469.8 1456.71 1453.04 1447.29 1441.99 1432.3 1430.85 1425.35 1420.56 1411.12 1399.96 1404.71 1416.58 1428.32 1442.06 1452.2 1467.64 1490.07 1509.24 1523.75 1535.63 1538.12 1537.88 1547.32 1560.79 -9999 -9999 -9999 -9999 
-9999 -9999 -9999 -9999 -9999 -9999 -9999 -9999 -9999 -9999 -9999 -9999 -9999 -9999 -9999 -9999 -9999 -9999 -9999 -9999 -9999 -9999 1921.14 1915.88 1912.54 1909.46 1912.2 1915.24 1918.02 1916.89 1909.58 1902.83 1894.03 1884.45 1878 1867.57 1856.68 1845.29 1836.05 1831.1 1826.75 1823.71 1817.96 1806.73 1796.6 1787.59 1778.42 1771.8 1771.6 1770.64 1762.77 1760.44 1749 1739.43 1729.16 1720.17 1703.36 1687.44 1673.04 1656.06 1639.56 1631.36 1623.26 1617.75 1617.88 1618.4 1617.41 1609.55 1595.58 1583.64 1574.3 1547.95 1514 1489.03 1469.7 1451.49 1436.03 1428.63 1423.79 1424.53 1423.66 1419.61 1415 1407.5 1396.24 1402.21 1413.41 1425.41 1434.49 1448.77 1464.1 1485.54 1502.9 1513.42 1521.48 1523.59 1525.02 1533.3 1548.29 -9999 -9999 -9999 -9999 
-9999 -9999 -9999 -9999 -9999 -9999 -9999 -9999 -9999 -9999 -9999 -9999 -9999 -9999 -9999 -9999 -9999 -9999 -9999 -9999 -9999 -9999 -9999 1903.45 1900.15 1896.44 1897.13 1897.01 1901.66 1912.43 1905.24 1897.47 1888.21 1879.5 1871.47 1863.37 1852.83 1844.88 1840.8 1836.09 1830.25 1824.5 1812.68 1802.8 1796.35 1785.41 1776.39 1775 1772.46 1770.67 1769.08 1753.67 1737.91 1727.14 1719.39 1713.34 1694.47 1681.14 1663.84 1649.25 1642.72 1639.73 1633.15 1639.17 1639.33 1631.7 1622.77 1609.68 1593.68 1578.17 1564.42 1556.85 1521.07 1481.86 1460.41 1444.33 1426.06 1419.26 1415.04 1415.78 1415.91 1412.62 1405.92 1397.01 1390.15 1400.81 1411.24 1421.14 1427.27 1444.52 1460.64 1479.66 1494.02 1502.03 1505.99 1509.34 1511.84 1519.63 1535.15 -9999 -9999 -9999 -9999 
-9999 -9999 -9999 -9999 -9999 -9999 -9999 -9999 -9999 -9999 -9999 -9999 -9999 -9999 -9999 -9999 -9999 -9999 -9999 -9999 -9999 -9999 -9999 -9999 1886.45 1882.15 1879.9 1881.38 1885.68 1893.43 1900.17 1890.6 1882.8 1875.28 1865.82 1859.66 1852.29 1846.98 1841.22 1835.9 1829.19 1821.63 1811.58 1804.24 1792.97 1782.46 1779.18 1777.47 1776.47 1775.38 1763.56 1750.16 1736.36 1720.19 1711.07 1702.27 1688.93 1673.07 1663.26 1664.83 1663.96 1658.57 1657.06 1653.21 1647.29 1639.5 1624.53 1608.58 1591.3 1574.65 1556.36 1538.02 1510.56 1476 1453.78 1434.9 1419.68 1411.8 1409.5 1408.74 1409.21 1406.44 1403 1389.7 1392.08 1397.93 1409.73 1416.57 1425.83 1441.84 1457.96 1474.57 1484.36 1489.34 1490.74 1497.83 1500.73 1509.05 1525.66 -9999 -9999 -9999 -9999 
-9999 -9999 -9999 -9999 -9999 -9999 -9999 -9999 -9999 -9999 -9999 -9999 -9999 -9999 -9999 -9999 -9999 -9999 -9999 -9999 -9999 -9999 -9999 -9999 1871.29 1864.11 1862.54 1861.58 1864.61 1875.61 1877.89 1884.92 1876.68 1868.41 -9999 -9999 -9999 -9999 -9999 -9999 -9999 1820.56 1810.38 1798.9 1787.19 1786.43 1782.97 1784.11 1782.05 1770.54 1755.95 1747.26 1731.98 1715.96 1704.87 1700.01 1686.15 1676.66 1683.88 1689.59 1686.46 1685.32 1674.51 1664.66 1653.73 1635.29 1619.72 1607.17 1590.49 1570.98 1544.28 1524.32 1501.11 1473.26 1449.78 1430.63 1411.34 1404.51 1403.6 1403.06 1402 1401.36 1394.07 1379.54 1388.1 1395.39 1406.16 1414.52 1422.78 1438.12 1455.53 1465.89 1471.8 1473.82 1477.37 1483.14 1487.49 1496.57 1514.68 -9999 -9999 -9999 -9999 
-9999 -9999 -9999 -9999 -9999 -9999 -9999 -9999 -9999 -9999 -9999 -9999 -9999 -9999 -9999 -9999 -9999 -9999 -9999 -9999 -9999 -9999 -9999 -9999 -9999 1849.69 1847.18 1845.69 1849.15 1855.23 1861.97 1862.44 -9999 -9999 -9999 -9999 -9999 -9999 -9999 -9999 -9999 -9999 -9999 1795.01 1789.62 1789.53 1792 1788.15 1777.34 1765.58 1750.83 1738.64 1727.7 1713.94 1700.18 1693.26 1688.34 1695.99 1698.61 1702.88 1700.08 1684.74 1674.02 1661.99 1643.19 1630.27 1612.22 1599.53 1584.66 1554.98 1532.43 1516.34 1490.29 1470.01 1448.34 1429.23 1411.24 1398.79 1397.34 1397.36 1396.79 1396.19 1387.45 1376.72 1383.44 1393.57 1403.54 1412.21 1422.55 1434.6 1448.76 1455.48 1462 1461.56 1463.84 1469.85 1475.05 1483.53 1503.97 1517.8 -9999 -9999 -9999 
-9999 -9999 -9999 -9999 -9999 -9999 -9999 -9999 -9999 -9999 -9999 -9999 -9999 -9999 -9999 -9999 -9999 -9999 -9999 -9999 -9999 -9999 -9999 -9999 -9999 -9999 1831.41 1831.26 1828.2 1835.91 -9999 -9999 -9999 -9999 -9999 -9999 -9999 -9999 -9999 -9999 -9999 -9999 -9999 -9999 -9999 -9999 -9999 -9999 -9999 -9999 -9999 1726.55 1713.31 1701.73 1699.2 1703.66 1711.05 1709.54 1715.17 1714.62 1704.95 1689.38 1672.01 1660.02 1634.6 1604.36 1589.85 1575.32 1561.61 1540.74 1523.2 1507.16 1488.47 1469.61 1449.1 1431.72 1411.71 1394.79 1391.22 1390.92 1390.23 1388.99 1384.64 1373.19 1379.21 1393.65 1401.06 1409.72 1413.2 1428.28 1438.51 1442.23 1447.68 1447.32 1451.98 1459.33 1462.6 1469.86 1492.39 1508.3 -9999 -9999 -9999 
-9999 -9999 -9999 -9999 -9999 -9999 -9999 -9999 -9999 -9999 -9999 -9999 -9999 -9999 -9999 -9999 -9999 -9999 -9999 -9999 -9999 -9999 -9999 -9999 -9999 -9999 -9999 -9999 1811.17 -9999 -9999 -9999 -9999 -9999 -9999 -9999 -9999 -9999 -9999 -9999 -9999 -9999 -9999 -9999 -9999 -9999 -9999 -9999 -9999 -9999 -9999 -9999 -9999 -9999 -9999 -9999 -9999 -9999 1713.05 1706.85 1695.68 1682.49 1664.72 1651.07 1634.42 1590.68 1573.72 1558.54 1542.02 1527.62 1512.08 1497.26 1479.69 1461.09 1442.72 1428.27 1410.46 1393.26 1386.65 1385.39 1385.33 1383.74 1378.14 1368.57 1379.29 1394.33 1399.16 1405.6 1407.96 1419.28 1426.81 1431.67 1435.54 1438.63 1445.91 1450.09 1452.81 1461.23 1478.07 1493.8 1518.1 -9999 -9999 
-9999 -9999 -9999 -9999 -9999 -9999 -9999 -9999 -9999 -9999 -9999 -9999 -9999 -9999 -9999 -9999 -9999 -9999 -9999 -9999 -9999 -9999 -9999 -9999 -9999 -9999 -9999 -9999 -9999 -9999 -9999 -9999 -9999 -9999 -9999 -9999 -9999 -9999 -9999 -9999 -9999 -9999 -9999 -9999 -9999 -9999 -9999 -9999 -9999 -9999 -9999 -9999 -9999 -9999 -9999 -9999 -9999 -9999 -9999 -9999 -9999 -9999 1654.84 1640.33 1627.88 1581.82 1560.57 1545.57 1529.03 1514.03 1499.05 1486.5 1474.52 1458.47 1437.14 1417.78 1400.01 1384.77 1380.71 1379.95 1379 1378.02 1365.24 1367.62 1383.17 1397.69 1398.31 1399.11 1404.51 1406.27 1415.22 1419.46 1425.83 1430.01 1436.17 1439.35 1447.31 1458.14 1470.94 1493.48 1514.31 1524.02 -9999 
-9999 -9999 -9999 -9999 -9999 -9999 -9999 -9999 -9999 -9999 -9999 -9999 -9999 -9999 -9999 -9999 -9999 -9999 -9999 -9999 -9999 -9999 -9999 -9999 -9999 -9999 -9999 -9999 -9999 -9999 -9999 -9999 -9999 -9999 -9999 -9999 -9999 -9999 -9999 -9999 -9999 -9999 -9999 -9999 -9999 -9999 -9999 -9999 -9999 -9999 -9999 -9999 -9999 -9999 -9999 -9999 -9999 -9999 -9999 -9999 -9999 -9999 -9999 -9999 -9999 -9999 1546.93 1533.11 1517.87 1503.31 1487.91 1475.42 1463.52 1448.35 1434.48 1414.52 1392.96 1379.3 1376.18 1373.79 1374.09 1371.56 1359.02 1368.06 1384.47 1395.7 1394.2 1392.18 1396.14 1400.61 1406.12 1413.04 1417.05 1422.85 1428.79 1435.62 1442.26 1450.35 1472.39 1492.19 1506.76 1514.78 -9999 
-9999 -9999 -9999 -9999 -9999 -9999 -9999 -9999 -9999 -9999 -9999 -9999 -9999 -9999 -9999 -9999 -9999 -9999 -9999 -9999 -9999 -9999 -9999 -9999 -9999 -9999 -9999 -9999 -9999 -9999 -9999 -9999 -9999 -9999 -9999 -9999 -9999 -9999 -9999 -9999 -9999 -9999 -9999 -9999 -9999 -9999 -9999 -9999 -9999 -9999 -9999 -9999 -9999 -9999 -9999 -9999 -9999 -9999 -9999 -9999 -9999 -9999 -9999 -9999 -9999 -9999 -9999 -9999 -9999 -9999 1478 1466.96 1454.54 1436.71 1419.6 1404.94 1384.45 1371.98 1371.01 1369.91 1368.48 1368.14 1355.95 1367.54 1385.06 1390.44 1387.46 1387.06 1389.95 1393.87 1399.97 1408.28 1414.03 1419.46 1423.68 1430.69 1436.33 1448.58 1470.57 1483.05 1495.93 1513.81 -9999 
-9999 -9999 -9999 -9999 -9999 -9999 -9999 -9999 -9999 -9999 -9999 -9999 -9999 -9999 -9999 -9999 -9999 -9999 -9999 -9999 -9999 -9999 -9999 -9999 -9999 -9999 -9999 -9999 -9999 -9999 -9999 -9999 -9999 -9999 -9999 -9999 -9999 -9999 -9999 -9999 -9999 -9999 -9999 -9999 -9999 -9999 -9999 -9999 -9999 -9999 -9999 -9999 -9999 -9999 -9999 -9999 -9999 -9999 -9999 -9999 -9999 -9999 -9999 -9999 -9999 -9999 -9999 -9999 -9999 -9999 -9999 -9999 -9999 1428.75 1410.64 1394.32 1376.68 1366.03 1366.41 1365.38 1364.45 1361.79 1351.83 1362.46 1380.19 1380.43 1381.01 1383.57 1386.27 1390.97 1397.86 1404.17 1409.33 1416.37 1421.09 1426.15 1434.64 1448.81 1463.88 1475.71 1499.2 1528.08 -9999 
-9999 -9999 -9999 -9999 -9999 -9999 -9999 -9999 -9999 -9999 -9999 -9999 -9999 -9999 -9999 -9999 -9999 -9999 -9999 -9999 -9999 -9999 -9999 -9999 -9999 -9999 -9999 -9999 -9999 -9999 -9999 -9999 -9999 -9999 -9999 -9999 -9999 -9999 -9999 -9999 -9999 -9999 -9999 -9999 -9999 -9999 -9999 -9999 -9999 -9999 -9999 -9999 -9999 -9999 -9999 -9999 -9999 -9999 -9999 -9999 -9999 -9999 -9999 -9999 -9999 -9999 -9999 -9999 -9999 -9999 -9999 -9999 -9999 -9999 1402.31 1385.87 1369.14 1362 1362.14 1360.89 1360.26 1357.92 1347.72 1359.56 1374.81 1371.28 1375.73 1377.69 1381.75 1387.41 1393.33 1395.4 1406.54 1412.11 1416.9 1423.55 1433.55 1445.4 1461.87 1478.86 1509.82 1532.06 -9999 
-9999 -9999 -9999 -9999 -9999 -9999 -9999 -9999 -9999 -9999 -9999 -9999 -9999 -9999 -9999 -9999 -9999 -9999 -9999 -9999 -9999 -9999 -9999 -9999 -9999 -9999 -9999 -9999 -9999 -9999 -9999 -9999 -9999 -9999 -9999 -9999 -9999 -9999 -9999 -9999 -9999 -9999 -9999 -9999 -9999 -9999 -9999 -9999 -9999 -9999 -9999 -9999 -9999 -9999 -9999 -9999 -9999 -9999 -9999 -9999 -9999 -9999 -9999 -9999 -9999 -9999 -9999 -9999 -9999 -9999 -9999 -9999 -9999 -9999 1396.1 1379.63 1363.58 1358.36 1357.33 1356.59 1355.99 1353.62 1344.05 1358.12 1367.73 1369.09 1372.14 1375.38 1379.88 1384.53 1386.75 1392.84 1400.63 1406.31 1412.81 1421.95 1430.66 1444.58 1464.22 1487.47 1518.41 -9999 -9999 
-9999 -9999 -9999 -9999 -9999 -9999 -9999 -9999 -9999 -9999 -9999 -9999 -9999 -9999 -9999 -9999 -9999 -9999 -9999 -9999 -9999 -9999 -9999 -9999 -9999 -9999 -9999 -9999 -9999 -9999 -9999 -9999 -9999 -9999 -9999 -9999 -9999 -9999 -9999 -9999 -9999 -9999 -9999 -9999 -9999 -9999 -9999 -9999 -9999 -9999 -9999 -9999 -9999 -9999 -9999 -9999 -9999 -9999 -9999 -9999 -9999 -9999 -9999 -9999 -9999 -9999 -9999 -9999 -9999 -9999 -9999 -9999 -9999 -9999 -9999 1371.69 1356.87 1354.13 1352.83 1352.61 1351.86 1347.01 1343.39 1353.43 1359.17 1366.31 1368.99 1373.7 1378.36 1378.97 1382.77 1386.63 1392.75 1399.12 -9999 -9999 -9999 -9999 -9999 1489.46 1514.24 -9999 -9999 
-9999 -9999 -9999 -9999 -9999 -9999 -9999 -9999 -9999 -9999 -9999 -9999 -9999 -9999 -9999 -9999 -9999 -9999 -9999 -9999 -9999 -9999 -9999 -9999 -9999 -9999 -9999 -9999 -9999 -9999 -9999 -9999 -9999 -9999 -9999 -9999 -9999 -9999 -9999 -9999 -9999 -9999 -9999 -9999 -9999 -9999 -9999 -9999 -9999 -9999 -9999 -9999 -9999 -9999 -9999 -9999 -9999 -9999 -9999 -9999 -9999 -9999 -9999 -9999 -9999 -9999 -9999 -9999 -9999 -9999 -9999 -9999 -9999 -9999 -9999 -9999 1352.89 1350.65 1349.15 1348.3 1347.56 1343.68 1340.18 1347.66 1350.34 1361.13 1365.62 1369.38 1372.45 1373 1375.22 1379.74 1385.05 -9999 -9999 -9999 -9999 -9999 -9999 -9999 -9999 -9999 -9999 
-9999 -9999 -9999 -9999 -9999 -9999 -9999 -9999 -9999 -9999 -9999 -9999 -9999 -9999 -9999 -9999 -9999 -9999 -9999 -9999 -9999 -9999 -9999 -9999 -9999 -9999 -9999 -9999 -9999 -9999 -9999 -9999 -9999 -9999 -9999 -9999 -9999 -9999 -9999 -9999 -9999 -9999 -9999 -9999 -9999 -9999 -9999 -9999 -9999 -9999 -9999 -9999 -9999 -9999 -9999 -9999 -9999 -9999 -9999 -9999 -9999 -9999 -9999 -9999 -9999 -9999 -9999 -9999 -9999 -9999 -9999 -9999 -9999 -9999 -9999 1358.16 1347.48 1346.95 1345.29 1344.31 1342.03 1338.84 1333.94 1344.65 1343.06 1354.32 1357.32 1353.52 1356.76 1358.7 1366.07 1369.81 -9999 -9999 -9999 -9999 -9999 -9999 -9999 -9999 -9999 -9999 -9999 
-9999 -9999 -9999 -9999 -9999 -9999 -9999 -9999 -9999 -9999 -9999 -9999 -9999 -9999 -9999 -9999 -9999 -9999 -9999 -9999 -9999 -9999 -9999 -9999 -9999 -9999 -9999 -9999 -9999 -9999 -9999 -9999 -9999 -9999 -9999 -9999 -9999 -9999 -9999 -9999 -9999 -9999 -9999 -9999 -9999 -9999 -9999 -9999 -9999 -9999 -9999 -9999 -9999 -9999 -9999 -9999 -9999 -9999 -9999 -9999 -9999 -9999 -9999 -9999 -9999 -9999 -9999 -9999 -9999 -9999 -9999 -9999 -9999 -9999 -9999 1351.82 1344.57 1343.17 1342.34 1341.42 1337.05 1333.49 1334.2 1341.34 1334.77 1338.95 1340.72 1340.52 1341.78 1348.84 1355.83 -9999 -9999 -9999 -9999 -9999 -9999 -9999 -9999 -9999 -9999 -9999 -9999 
-9999 -9999 -9999 -9999 -9999 -9999 -9999 -9999 -9999 -9999 -9999 -9999 -9999 -9999 -9999 -9999 -9999 -9999 -9999 -9999 -9999 -9999 -9999 -9999 -9999 -9999 -9999 -9999 -9999 -9999 -9999 -9999 -9999 -9999 -9999 -9999 -9999 -9999 -9999 -9999 -9999 -9999 -9999 -9999 -9999 -9999 -9999 -9999 -9999 -9999 -9999 -9999 -9999 -9999 -9999 -9999 -9999 -9999 -9999 -9999 -9999 -9999 -9999 -9999 -9999 -9999 -9999 -9999 -9999 -9999 -9999 -9999 -9999 -9999 -9999 1349.74 1340.93 1339.41 1338.88 1337.71 1333.76 1326.51 1330.56 1338.76 1327.63 1322.49 1323.91 1326.09 1330.44 1335.75 -9999 -9999 -9999 -9999 -9999 -9999 -9999 -9999 -9999 -9999 -9999 -9999 -9999 
-9999 -9999 -9999 -9999 -9999 -9999 -9999 -9999 -9999 -9999 -9999 -9999 -9999 -9999 -9999 -9999 -9999 -9999 -9999 -9999 -9999 -9999 -9999 -9999 -9999 -9999 -9999 -9999 -9999 -9999 -9999 -9999 -9999 -9999 -9999 -9999 -9999 -9999 -9999 -9999 -9999 -9999 -9999 -9999 -9999 -9999 -9999 -9999 -9999 -9999 -9999 -9999 -9999 -9999 -9999 -9999 -9999 -9999 -9999 -9999 -9999 -9999 -9999 -9999 -9999 -9999 -9999 -9999 -9999 -9999 -9999 -9999 -9999 -9999 -9999 1348.79 1338.33 1336.7 1335.31 1334.27 1331.3 1323.83 1326.06 1334.61 1326.01 1314.79 1314.92 1317.4 1323.26 1333.76 -9999 -9999 -9999 -9999 -9999 -9999 -9999 -9999 -9999 -9999 -9999 -9999 -9999 
-9999 -9999 -9999 -9999 -9999 -9999 -9999 -9999 -9999 -9999 -9999 -9999 -9999 -9999 -9999 -9999 -9999 -9999 -9999 -9999 -9999 -9999 -9999 -9999 -9999 -9999 -9999 -9999 -9999 -9999 -9999 -9999 -9999 -9999 -9999 -9999 -9999 -9999 -9999 -9999 -9999 -9999 -9999 -9999 -9999 -9999 -9999 -9999 -9999 -9999 -9999 -9999 -9999 -9999 -9999 -9999 -9999 -9999 -9999 -9999 -9999 -9999 -9999 -9999 -9999 -9999 -9999 -9999 -9999 -9999 -9999 -9999 -9999 -9999 1355.21 1349.26 1335.99 1334.41 1332.42 1330.44 1327.94 1324.55 1317.98 1325.26 1322.29 1309.13 1309.85 1313.61 1321.54 1333.64 -9999 -9999 -9999 -9999 -9999 -9999 -9999 -9999 -9999 -9999 -9999 -9999 -9999 
-9999 -9999 -9999 -9999 -9999 -9999 -9999 -9999 -9999 -9999 -9999 -9999 -9999 -9999 -9999 -9999 -9999 -9999 -9999 -9999 -9999 -9999 -9999 -9999 -9999 -9999 -9999 -9999 -9999 -9999 -9999 -9999 -9999 -9999 -9999 -9999 -9999 -9999 -9999 -9999 -9999 -9999 -9999 -9999 -9999 -9999 -9999 -9999 -9999 -9999 -9999 -9999 -9999 -9999 -9999 -9999 -9999 -9999 -9999 -9999 -9999 -9999 -9999 -9999 -9999 -9999 -9999 -9999 -9999 -9999 -9999 -9999 -9999 -9999 1352.76 1349.4 1335.21 1331.97 1330.03 1327.07 1325.87 1324.1 1315.45 1315.81 1314.69 1305.01 1303.93 1307.75 1318.2 1332.26 -9999 -9999 -9999 -9999 -9999 -9999 -9999 -9999 -9999 -9999 -9999 -9999 -9999 
-9999 -9999 -9999 -9999 -9999 -9999 -9999 -9999 -9999 -9999 -9999 -9999 -9999 -9999 -9999 -9999 -9999 -9999 -9999 -9999 -9999 -9999 -9999 -9999 -9999 -9999 -9999 -9999 -9999 -9999 -9999 -9999 -9999 -9999 -9999 -9999 -9999 -9999 -9999 -9999 -9999 -9999 -9999 -9999 -9999 -9999 -9999 -9999 -9999 -9999 -9999 -9999 -9999 -9999 -9999 -9999 -9999 -9999 -9999 -9999 -9999 -9999 -9999 -9999 -9999 -9999 -9999 -9999 -9999 -9999 -9999 -9999 -9999 -9999 1349.75 1347.34 1335.28 1330.13 1327.49 1324.9 1322.33 1321.19 1320.02 1308.69 1303.3 1299.4 1298.54 1300 1308.5 1318.42 -9999 -9999 -9999 -9999 -9999 -9999 -9999 -9999 -9999 -9999 -9999 -9999 -9999 
-9999 -9999 -9999 -9999 -9999 -9999 -9999 -9999 -9999 -9999 -9999 -9999 -9999 -9999 -9999 -9999 -9999 -9999 -9999 -9999 -9999 -9999 -9999 -9999 -9999 -9999 -9999 -9999 -9999 -9999 -9999 -9999 -9999 -9999 -9999 -9999 -9999 -9999 -9999 -9999 -9999 -9999 -9999 -9999 -9999 -9999 -9999 -9999 -9999 -9999 -9999 -9999 -9999 -9999 -9999 -9999 -9999 -9999 -9999 -9999 -9999 -9999 -9999 -9999 -9999 -9999 -9999 -9999 -9999 -9999 -9999 -9999 -9999 -9999 1343.75 1339.54 1334.71 1327.21 1327.75 1322.45 1320.71 1318.91 1317.7 1317.43 1315.07 1300.47 1293.73 1293.51 1300.04 1309.12 -9999 -9999 -9999 -9999 -9999 -9999 -9999 -9999 -9999 -9999 -9999 -9999 -9999 
-9999 -9999 -9999 -9999 -9999 -9999 -9999 -9999 -9999 -9999 -9999 -9999 -9999 -9999 -9999 -9999 -9999 -9999 -9999 -9999 -9999 -9999 -9999 -9999 -9999 -9999 -9999 -9999 -9999 -9999 -9999 -9999 -9999 -9999 -9999 -9999 -9999 -9999 -9999 -9999 -9999 -9999 -9999 -9999 -9999 -9999 -9999 -9999 -9999 -9999 -9999 -9999 -9999 -9999 -9999 -9999 -9999 -9999 -9999 -9999 -9999 -9999 -9999 -9999 -9999 -9999 -9999 -9999 -9999 -9999 -9999 -9999 -9999 1346.08 1337.44 1334.59 1328.81 1322.44 1320.58 1319.84 1317.82 1316.24 1315.82 1317.35 1312.23 1300.65 1290.97 1289.2 1292.01 -9999 -9999 -9999 -9999 -9999 -9999 -9999 -9999 -9999 -9999 -9999 -9999 -9999 -9999 
-9999 -9999 -9999 -9999 -9999 -9999 -9999 -9999 -9999 -9999 -9999 -9999 -9999 -9999 -9999 -9999 -9999 -9999 -9999 -9999 -9999 -9999 -9999 -9999 -9999 -9999 -9999 -9999 -9999 -9999 -9999 -9999 -9999 -9999 -9999 -9999 -9999 -9999 -9999 -9999 -9999 -9999 -9999 -9999 -9999 -9999 -9999 -9999 -9999 -9999 -9999 -9999 -9999 -9999 -9999 -9999 -9999 -9999 -9999 -9999 -9999 -9999 -9999 -9999 -9999 -9999 -9999 -9999 -9999 -9999 -9999 -9999 -9999 1345.57 1333.9 1329.47 1325.64 1319.02 1318.12 1316.69 1314.53 1313.42 1314.29 1321.39 1308.91 1299.29 1291.61 1286.84 1286.41 -9999 -9999 -9999 -9999 -9999 -9999 -9999 -9999 -9999 -9999 -9999 -9999 -9999 -9999 
-9999 -9999 -9999 -9999 -9999 -9999 -9999 -9999 -9999 -9999 -9999 -9999 -9999 -9999 -9999 -9999 -9999 -9999 -9999 -9999 -9999 -9999 -9999 -9999 -9999 -9999 -9999 -9999 -9999 -9999 -9999 -9999 -9999 -9999 -9999 -9999 -9999 -9999 -9999 -9999 -9999 -9999 -9999 -9999 -9999 -9999 -9999 -9999 -9999 -9999 -9999 -9999 -9999 -9999 -9999 -9999 -9999 -9999 -9999 -9999 -9999 -9999 -9999 -9999 -9999 -9999 -9999 -9999 -9999 -9999 -9999 -9999 -9999 1340.18 1327.77 1326.95 1320.77 1314.72 1315.48 1315.34 1310.78 1310.98 1317.73 1319.03 1307.42 1299.22 1292.52 1285.25 1282.43 -9999 -9999 -9999 -9999 -9999 -9999 -9999 -9999 -9999 -9999 -9999 -9999 -9999 -9999 
-9999 -9999 -9999 -9999 -9999 -9999 -9999 -9999 -9999 -9999 -9999 -9999 -9999 -9999 -9999 -9999 -9999 -9999 -9999 -9999 -9999 -9999 -9999 -9999 -9999 -9999 -9999 -9999 -9999 -9999 -9999 -9999 -9999 -9999 -9999 -9999 -9999 -9999 -9999 -9999 -9999 -9999 -9999 -9999 -9999 -9999 -9999 -9999 -9999 -9999 -9999 -9999 -9999 -9999 -9999 -9999 -9999 -9999 -9999 -9999 -9999 -9999 -9999 -9999 -9999 -9999 -9999 -9999 -9999 -9999 -9999 -9999 -9999 1331.17 1322.22 1319.43 1315.14 1310.37 1308.84 1310.68 1309.62 1310.18 1316.25 1316.03 1306.23 1300.48 1294.35 1285.69 1280.65 -9999 -9999 -9999 -9999 -9999 -9999 -9999 -9999 -9999 -9999 -9999 -9999 -9999 -9999 
-9999 -9999 -9999 -9999 -9999 -9999 -9999 -9999 -9999 -9999 -9999 -9999 -9999 -9999 -9999 -9999 -9999 -9999 -9999 -9999 -9999 -9999 -9999 -9999 -9999 -9999 -9999 -9999 -9999 -9999 -9999 -9999 -9999 -9999 -9999 -9999 -9999 -9999 -9999 -9999 -9999 -9999 -9999 -9999 -9999 -9999 -9999 -9999 -9999 -9999 -9999 -9999 -9999 -9999 -9999 -9999 -9999 -9999 -9999 -9999 -9999 -9999 -9999 -9999 -9999 -9999 -9999 -9999 -9999 -9999 -9999 -9999 -9999 1322.37 1316.26 1311.39 1304.23 1299.2 1299.11 1306.71 1304.48 1308.84 1309.69 1309.61 1305.3 1301.54 1293.44 1282.95 1277.79 -9999 -9999 -9999 -9999 -9999 -9999 -9999 -9999 -9999 -9999 -9999 -9999 -9999 -9999 
-9999 -9999 -9999 -9999 -9999 -9999 -9999 -9999 -9999 -9999 -9999 -9999 -9999 -9999 -9999 -9999 -9999 -9999 -9999 -9999 -9999 -9999 -9999 -9999 -9999 -9999 -9999 -9999 -9999 -9999 -9999 -9999 -9999 -9999 -9999 -9999 -9999 -9999 -9999 -9999 -9999 -9999 -9999 -9999 -9999 -9999 -9999 -9999 -9999 -9999 -9999 -9999 -9999 -9999 -9999 -9999 -9999 -9999 -9999 -9999 -9999 -9999 -9999 -9999 -9999 -9999 -9999 -9999 -9999 -9999 -9999 -9999 -9999 -9999 1306.83 1301.11 1293.38 1289.52 1291.46 1294.62 1305.16 1306.09 1301.75 1303.68 1300.48 1296.46 1287.52 1281.03 1276.14 -9999 -9999 -9999 -9999 -9999 -9999 -9999 -9999 -9999 -9999 -9999 -9999 -9999 -9999 
-9999 -9999 -9999 -9999 -9999 -9999 -9999 -9999 -9999 -9999 -9999 -9999 -9999 -9999 -9999 -9999 -9999 -9999 -9999 -9999 -9999 -9999 -9999 -9999 -9999 -9999 -9999 -9999 -9999 -9999 -9999 -9999 -9999 -9999 -9999 -9999 -9999 -9999 -9999 -9999 -9999 -9999 -9999 -9999 -9999 -9999 -9999 -9999 -9999 -9999 -9999 -9999 -9999 -9999 -9999 -9999 -9999 -9999 -9999 -9999 -9999 -9999 -9999 -9999 -9999 -9999 -9999 -9999 -9999 -9999 -9999 -9999 -9999 -9999 -9999 -9999 -9999 -9999 -9999 -9999 -9999 -9999 1295.12 1296.95 1294.67 1287.45 1282.95 1278.88 -9999 -9999 -9999 -9999 -9999 -9999 -9999 -9999 -9999 -9999 -9999 -9999 -9999 -9999 -9999 
